    2   56    9
 28.085 14.001
    1    1  0.0150  0.0000  0.0000
 -0.388280   0.048983   0.048983
  0.019267  -0.073945  -0.001449
 -0.004442  -0.000014   0.000508
  0.019267  -0.073945  -0.001448
  0.045309   0.029599   0.029599
 -0.004499   0.012531   0.004182
  0.010417   0.000038   0.000040
  0.019267  -0.001448  -0.073945
 -0.015112   0.001450   0.001450
  0.000252  -0.000038  -0.004786
 -0.004498   0.004184   0.012541
  0.006538  -0.001094  -0.001094
  0.000252  -0.004786  -0.000038
 -0.005650   0.000508   0.000508
  0.000252  -0.004784  -0.000038
 -0.004442   0.000508  -0.000014
 -0.004499   0.004182   0.012531
  0.006540  -0.001096  -0.001096
 -0.015112   0.001448   0.001448
  0.000252  -0.000038  -0.004784
  0.010417   0.000040   0.000038
  0.019267  -0.001449  -0.073945
  0.045313   0.029601   0.029601
 -0.004498   0.012541   0.004184
  0.060708   0.005323   0.005323
 -0.017252   0.000735   0.000105
  0.003977   0.000604   0.000008
  0.046097   0.001423  -0.005266
  0.060696   0.005321   0.005321
  0.046095   0.001433  -0.005262
  0.003971   0.000602   0.000002
 -0.017255   0.000729   0.000107
 -0.001575   0.008265  -0.005941
 -0.000162   0.009140   0.009140
 -0.003472   0.000475   0.000054
  0.046095  -0.005262   0.001433
  0.003452   0.000389   0.000506
  0.001177  -0.007248  -0.007248
 -0.017252   0.000105   0.000735
 -0.001581  -0.005943   0.008274
  0.003977   0.000008   0.000604
 -0.003473   0.000049   0.000473
  0.000055  -0.000053  -0.000053
  0.003452   0.000506   0.000389
 -0.003472   0.000054   0.000475
  0.003454   0.000506   0.000392
  0.000050  -0.000056  -0.000056
  0.003971   0.000002   0.000602
  0.003454   0.000392   0.000506
  0.001182  -0.007255  -0.007255
 -0.017255   0.000107   0.000729
 -0.001575  -0.005941   0.008265
 -0.000165   0.009136   0.009136
  0.046097  -0.005266   0.001423
 -0.001581   0.008274  -0.005943
 -0.003473   0.000473   0.000049
    5    1  0.0150  0.0000  0.0000
  0.045291   0.012536   0.012536
 -0.004495   0.029578  -0.004181
 -0.004495   0.029575   0.004181
  0.045285   0.012540  -0.012540
 -0.428769   0.000000   0.000000
  0.007696   0.000000   0.000000
 -0.004495  -0.029575  -0.004181
  0.045285  -0.012540   0.012540
  0.045291  -0.012536  -0.012536
 -0.004495  -0.029578   0.004181
  0.001205   0.010173  -0.010173
  0.001202   0.010176   0.010176
 -0.004495   0.004181  -0.029578
  0.006539  -0.001094  -0.001094
  0.006539  -0.001094   0.001094
 -0.004495   0.004181   0.029575
  0.007696   0.000000   0.000000
 -0.019017   0.000000   0.000000
  0.006539   0.001094   0.001094
  0.006539   0.001094  -0.001094
 -0.004495  -0.004181  -0.029575
 -0.004495  -0.004181   0.029578
  0.001202  -0.010176  -0.010176
  0.001205  -0.010173   0.010173
  0.083097   0.033433   0.033433
  0.083097   0.033433  -0.033433
 -0.010025  -0.005615  -0.000060
 -0.010024  -0.005615   0.000060
 -0.017348   0.002790   0.002790
 -0.017345   0.002792  -0.002792
  0.008768   0.001459  -0.004009
  0.008769   0.001459   0.004009
  0.008768  -0.001459   0.004009
 -0.017348  -0.002790  -0.002790
  0.008769  -0.001459  -0.004009
 -0.017345  -0.002792   0.002792
 -0.010024   0.005615  -0.000060
  0.083097  -0.033433  -0.033433
  0.083097  -0.033433   0.033433
 -0.010025   0.005615   0.000060
 -0.010025  -0.000060  -0.005615
  0.004632   0.010102  -0.010102
  0.004632   0.010102   0.010102
 -0.010024  -0.000060   0.005615
  0.008769  -0.004009  -0.001459
 -0.003811  -0.000259   0.000259
 -0.003811  -0.000259  -0.000259
  0.008768  -0.004009   0.001459
 -0.003811   0.000259  -0.000259
 -0.003811   0.000259   0.000259
  0.008769   0.004009   0.001459
  0.008768   0.004009  -0.001459
  0.004632  -0.010102  -0.010102
 -0.010024   0.000060  -0.005615
 -0.010025   0.000060   0.005615
  0.004632  -0.010102   0.010102
   25    1  0.0150  0.0000  0.0000
  0.060668   0.001428   0.001428
  0.046117   0.005336   0.005268
  0.003969   0.000732   0.000507
 -0.017243   0.000604  -0.000389
  0.083082   0.033407   0.033407
 -0.010021  -0.005620   0.010106
 -0.001583   0.007247  -0.008268
 -0.017243  -0.000389   0.000604
  0.001180   0.005941   0.005941
  0.003449  -0.000109   0.000006
  0.008768  -0.004010   0.002793
 -0.003808  -0.000260  -0.000260
  0.003449   0.000006  -0.000109
  0.000054   0.000050   0.000050
 -0.003464  -0.000059  -0.000472
  0.003969   0.000507   0.000732
 -0.010021   0.010106  -0.005620
  0.004627  -0.000061  -0.000061
 -0.000172  -0.009142  -0.009142
 -0.003464  -0.000472  -0.000059
 -0.001583  -0.008268   0.007247
  0.046117   0.005268   0.005336
 -0.017348   0.001459   0.001459
  0.008768   0.002793  -0.004010
 -0.359246  -0.057320  -0.057320
  0.014192   0.022870   0.000511
  0.014591   0.002021   0.000632
  0.031774   0.037024  -0.005697
  0.010930   0.000014   0.000014
  0.017342  -0.018676  -0.000987
 -0.007087   0.000012  -0.000786
  0.017340  -0.033304   0.001014
 -0.008236  -0.001016   0.000989
  0.005655  -0.000655  -0.000655
 -0.000218  -0.000435   0.002892
  0.017342  -0.000987  -0.018676
 -0.000821   0.000770  -0.002857
 -0.006032  -0.000508  -0.000508
  0.014192   0.000511   0.022870
  0.006000  -0.000770  -0.001037
  0.014591   0.000632   0.002021
 -0.000317  -0.002855   0.001035
 -0.002543   0.000632   0.000632
 -0.000821  -0.002857   0.000770
 -0.000218   0.002892  -0.000435
 -0.000216   0.002892   0.000655
  0.002515   0.000319   0.000319
 -0.007087  -0.000786   0.000012
 -0.000216   0.000655   0.002892
  0.005656   0.000433   0.000433
  0.017340   0.001014  -0.033304
 -0.008236   0.000989  -0.001016
 -0.013894   0.005696   0.005696
  0.031774  -0.005697   0.037024
  0.006000  -0.001037  -0.000770
 -0.000317   0.001035  -0.002855
