0.000000 352.971010 538.405129 578.702996 600.602437
634.673960 678.402044 733.399690 759.042553 770.137056
776.225595 772.947151 764.856226 752.259934 703.785573
653.910455 612.231382 588.810431 557.711777 515.880708
0.000000 289.986876 462.908491 529.507197 524.330849
547.814274 583.199589 585.527339 623.123172 660.062502
642.564471 651.986485 647.709570 594.439033 584.273935
566.920022 525.524238 527.118124 496.406944 423.826970
0.000000 206.937493 349.952498 433.056631 454.718738
460.994628 455.137817 435.441276 485.374646 561.028956
619.264309 587.906811 522.703876 441.823881 446.047104
459.452860 462.793368 443.054552 390.671431 302.447110
-0.000000 199.964774 320.995737 373.064462 409.476943
418.896393 410.471494 396.691216 393.902293 409.817732
471.797556 438.423804 394.869734 392.773611 404.111366
415.457380 422.908574 389.870225 345.629622 292.256207
0.000000 183.030998 310.310424 387.022061 430.364968
444.935539 439.348920 421.802666 382.885572 357.990882
411.498043 382.686496 360.540075 408.955320 431.250649
443.360705 446.772843 407.026477 346.999205 267.506843
0.000000 197.413426 334.218913 416.032416 461.338072
502.002654 529.908851 503.597632 447.197534 386.721799
357.236720 373.113300 414.994642 484.767580 517.765217
519.432154 481.668240 436.942720 373.383141 288.527317
0.000000 183.030998 310.310423 387.022057 430.364966
444.935538 439.348920 421.802666 382.885573 357.990884
411.498046 382.686497 360.540074 408.955320 431.250649
443.360705 446.772845 407.026480 346.999208 267.506843
0.000000 199.964773 320.995738 373.064466 409.476944
418.896393 410.471494 396.691216 393.902293 409.817728
471.797539 438.423795 394.869735 392.773611 404.111366
415.457381 422.908575 389.870223 345.629620 292.256208
0.000000 206.937496 349.952513 433.056663 454.718756
460.994633 455.137813 435.441277 485.374648 561.028953
619.264293 587.906803 522.703876 441.823878 446.047106
459.452860 462.793357 443.054526 390.671406 302.447104
0.000000 289.986874 462.908494 529.507212 524.330854
547.814275 583.199591 585.527336 623.123168 660.062497
642.564465 651.986485 647.709574 594.439037 584.273935
566.920019 525.524237 527.118114 496.406934 423.826973
0.000000 289.986876 462.908491 529.507197 524.330849
547.814274 583.199589 585.527339 623.123172 660.578685
645.317447 653.535034 647.709570 594.439033 584.273935
566.920022 525.524238 527.118124 496.406944 423.826970
118.652062 262.010796 384.596932 481.838576 488.607311
499.826003 516.355017 546.794079 600.003014 634.731813
574.127015 555.580847 548.111731 537.176408 528.119782
533.175140 560.263141 504.636677 436.151356 360.705717
124.798169 219.804482 307.935002 385.690638 409.670097
426.995450 438.315341 439.478676 457.290172 466.252512
421.053723 432.394361 458.698191 480.505091 456.689373
453.428053 496.325807 425.741355 362.190742 317.879265
92.770779 206.619088 302.646434 379.970326 416.154075
428.774484 421.498008 385.787651 364.590657 345.273248
310.719844 332.113114 376.105790 433.183124 448.545762
460.211776 478.098375 423.898870 357.508422 283.903581
128.952180 214.242708 301.226778 388.188612 457.464335
483.949083 476.177670 427.091359 382.381771 334.674920
270.493154 325.783315 404.971484 457.286625 504.210492
509.484165 449.685899 418.426437 366.949822 289.111922
128.952196 214.242718 301.226778 388.188603 457.464334
483.949084 476.177671 427.091359 382.381769 334.674916
270.493154 325.783318 404.971491 457.286631 504.210498
509.484169 449.685899 418.426437 366.949824 289.111927
92.770780 206.619088 302.646429 379.970312 416.154074
428.774492 421.498021 385.787656 364.590658 345.273247
310.719841 332.113114 376.105792 433.183123 448.545762
460.211776 478.098375 423.898865 357.508415 283.903575
124.798160 219.804481 307.935008 385.690648 409.670104
426.995455 438.315342 439.478674 457.290167 466.252506
421.053722 432.394360 458.698189 480.505087 456.689371
453.428053 496.325807 425.741356 362.190742 317.879261
118.652071 262.010816 384.596958 481.838601 488.607329
499.826013 516.355019 546.794078 600.003010 634.731808
574.127010 555.580845 548.111733 537.176415 528.119785
533.175140 560.263142 504.636679 436.151371 360.705760
0.000000 289.986878 462.908508 529.507239 524.330870
547.814283 583.199595 585.527342 623.123171 659.098014
637.420555 649.093033 647.709571 594.439038 584.273940
566.920027 525.524249 527.118145 496.406964 423.826975
0.000000 206.937493 349.952498 433.056631 454.718738
460.994628 455.137817 435.441276 485.374646 561.855937
623.674871 590.387752 522.703876 441.823881 446.047104
459.452860 462.793368 443.054552 390.671431 302.447110
124.798169 219.804482 307.935002 385.690638 409.670097
426.995450 438.315341 439.478676 457.290172 466.252512
421.053723 432.394361 458.698191 480.505091 456.689373
453.428053 496.325807 425.741355 362.190742 317.879265
133.245990 234.203242 341.390862 446.808412 466.901350
482.155506 494.840562 510.028880 495.329949 469.489037
450.785591 471.668256 502.193946 527.695820 524.483951
521.690651 527.920153 474.658390 404.739242 321.170351
173.423952 243.843864 322.776783 408.994822 495.071945
514.886016 489.117217 440.421872 393.303547 345.486827
293.005796 320.319076 385.410397 481.641151 503.631846
518.795359 544.632493 467.157480 387.679383 315.908591
204.570417 260.858405 339.743403 437.553337 530.036124
548.054124 518.556700 483.697150 448.674246 409.799585
358.327737 399.668200 464.293854 518.662881 560.314892
575.568043 552.282514 492.390167 426.861077 358.314786
173.423944 243.843863 322.776784 408.994820 495.071945
514.886015 489.117215 440.421873 393.303548 345.486827
293.005795 320.319075 385.410397 481.641151 503.631844
518.795358 544.632495 467.157480 387.679382 315.908590
133.245973 234.203240 341.390861 446.808401 466.901340
482.155497 494.840555 510.028875 495.329946 469.489034
450.785591 471.668255 502.193946 527.695822 524.483951
521.690653 527.920163 474.658393 404.739240 321.170350
124.798168 219.804482 307.935004 385.690643 409.670096
426.995449 438.315343 439.478681 457.290174 466.252509
421.053722 432.394360 458.698191 480.505092 456.689374
453.428055 496.325807 425.741358 362.190742 317.879256
0.000000 206.937514 349.952527 433.056655 454.718757
460.994637 455.137816 435.441280 485.374648 557.132089
598.481031 576.216216 522.703874 441.823884 446.047107
459.452863 462.793372 443.054548 390.671433 302.447136
118.652071 284.267753 401.330320 475.781602 538.300936
545.677294 524.097454 532.812504 543.064663 553.055663
559.898931 607.393612 629.231723 565.902846 530.403815
506.287508 492.287602 484.962629 432.957444 328.176391
0.000000 199.964774 320.995737 373.064462 409.476943
418.896393 410.471494 396.691216 393.902293 411.973241
483.293606 444.890332 394.869734 392.773611 404.111366
415.457380 422.908574 389.870225 345.629622 292.256207
92.770779 206.619088 302.646434 379.970326 416.154075
428.774484 421.498008 385.787651 364.590657 345.273248
310.719844 332.113114 376.105790 433.183124 448.545762
460.211776 478.098375 423.898870 357.508422 283.903581
173.423952 243.843864 322.776783 408.994822 495.071945
514.886016 489.117217 440.421872 393.303547 345.486827
293.005796 320.319076 385.410397 481.641151 503.631846
518.795359 544.632493 467.157480 387.679383 315.908591
230.171618 284.108099 372.327440 487.147388 568.550938
594.235125 576.487539 511.400508 492.136081 476.940444
407.422099 446.707331 502.739365 523.009289 565.538321
601.839827 621.701913 520.732891 435.248406 379.576680
230.171621 284.108105 372.327445 487.147388 568.550938
594.235126 576.487540 511.400508 492.136079 476.940439
407.422096 446.707332 502.739368 523.009291 565.538322
601.839827 621.701913 520.732890 435.248402 379.576674
173.423938 243.843861 322.776786 408.994825 495.071939
514.886009 489.117213 440.421875 393.303550 345.486828
293.005796 320.319074 385.410395 481.641149 503.631844
518.795359 544.632497 467.157484 387.679383 315.908581
92.770784 206.619091 302.646435 379.970321 416.154070
428.774475 421.497995 385.787648 364.590657 345.273247
310.719841 332.113112 376.105788 433.183119 448.545761
460.211779 478.098379 423.898866 357.508416 283.903576
0.000000 199.964780 320.995746 373.064470 409.476946
418.896395 410.471496 396.691215 393.902291 407.952424
461.849254 432.827884 394.869733 392.773609 404.111366
415.457383 422.908576 389.870228 345.629628 292.256217
124.798168 256.906281 341.739287 388.799219 468.840519
473.227017 441.869033 473.979772 468.762914 445.533029
417.559864 445.619508 468.925869 443.715196 438.852268
433.072314 419.905773 396.758083 345.890537 263.653550
124.798160 256.906282 341.739289 388.799217 468.840518
473.227016 441.869031 473.979767 468.762911 445.533028
417.559861 445.619504 468.925863 443.715188 438.852265
433.072316 419.905782 396.758089 345.890541 263.653552
0.000000 183.030998 310.310424 387.022061 430.364968
444.935539 439.348920 421.802666 382.885572 359.238629
418.152694 386.429737 360.540075 408.955320 431.250649
443.360705 446.772843 407.026477 346.999205 267.506843
128.952180 214.242708 301.226778 388.188612 457.464335
483.949083 476.177670 427.091359 382.381771 334.674920
270.493154 325.783315 404.971484 457.286625 504.210492
509.484165 449.685899 418.426437 366.949822 289.111922
204.570417 260.858417 339.743413 437.553337 530.036123
548.054123 518.556699 483.697148 448.674241 409.799579
358.327739 399.668200 464.293847 518.662859 560.314882
575.568043 552.282513 492.390166 426.861069 358.314760
230.171621 284.108105 372.327445 487.147388 568.550938
594.235126 576.487540 511.400508 492.136079 476.940439
407.422096 446.707332 502.739368 523.009291 565.538322
601.839827 621.701913 520.732890 435.248402 379.576674
204.570423 260.858396 339.743394 437.553341 530.036121
548.054121 518.556703 483.697156 448.674250 409.799585
358.327735 399.668199 464.293848 518.662856 560.314881
575.568046 552.282519 492.390167 426.861077 358.314788
128.952198 214.242710 301.226777 388.188618 457.464333
483.949080 476.177671 427.091359 382.381770 334.674917
270.493155 325.783317 404.971488 457.286631 504.210498
509.484172 449.685909 418.426441 366.949824 289.111928
0.000000 183.031001 310.310423 387.022053 430.364970
444.935542 439.348920 421.802666 382.885574 354.240212
391.494453 371.434477 360.540078 408.955320 431.250649
443.360706 446.772850 407.026476 346.999203 267.506847
92.770784 223.545853 323.536951 396.111163 456.317853
468.467133 452.135679 444.357525 402.449172 349.207952
308.753769 327.749199 357.784528 372.531140 405.016297
427.802158 429.908843 396.670513 339.916695 259.164464
133.245973 261.825810 366.168983 447.787911 506.007288
524.565811 520.592003 529.024556 513.964043 486.868066
454.458425 461.098191 482.415106 510.397258 501.850549
487.800075 475.570156 456.082065 393.326826 280.798902
92.770780 223.545850 323.536950 396.111163 456.317849
468.467130 452.135677 444.357528 402.449176 349.207955
308.753769 327.749200 357.784529 372.531142 405.016314
427.802182 429.908854 396.670510 339.916687 259.164461
0.000000 197.413426 334.218913 416.032416 461.338072
502.002654 529.908851 503.597632 447.197534 386.721799
357.236720 373.113300 414.994642 484.767580 517.765217
519.432154 481.668240 436.942720 373.383141 288.527317
128.952196 214.242718 301.226778 388.188603 457.464334
483.949084 476.177671 427.091359 382.381769 334.674916
270.493154 325.783318 404.971491 457.286631 504.210498
509.484169 449.685899 418.426437 366.949824 289.111927
173.423944 243.843863 322.776784 408.994820 495.071945
514.886015 489.117215 440.421873 393.303548 345.486827
293.005795 320.319075 385.410397 481.641151 503.631844
518.795358 544.632495 467.157480 387.679382 315.908590
173.423938 243.843861 322.776786 408.994825 495.071939
514.886009 489.117213 440.421875 393.303550 345.486828
293.005796 320.319074 385.410395 481.641149 503.631844
518.795359 544.632497 467.157484 387.679383 315.908581
128.952198 214.242710 301.226777 388.188618 457.464333
483.949080 476.177671 427.091359 382.381770 334.674917
270.493155 325.783317 404.971488 457.286631 504.210498
509.484172 449.685909 418.426441 366.949824 289.111928
0.000000 197.413436 334.218921 416.032415 461.338083
502.002666 529.908859 503.597638 447.197537 386.721798
357.236719 373.113300 414.994643 484.767579 517.765218
519.432160 481.668256 436.942724 373.383142 288.527330
128.952198 238.535171 331.024641 405.096641 433.977875
481.884973 525.415252 479.471617 429.116938 367.868514
276.842485 305.125749 362.644364 405.408744 453.522451
483.829261 484.088869 420.162025 342.043247 253.607562
173.423938 270.913431 354.554397 427.426242 513.510600
530.720192 507.551460 499.058958 429.824589 344.592448
296.022351 323.121218 371.880121 418.297551 466.642442
504.916624 526.516957 448.722724 362.575147 276.345364
173.423944 270.913439 354.554401 427.426237 513.510597
530.720190 507.551459 499.058959 429.824591 344.592450
296.022352 323.121219 371.880120 418.297548 466.642441
504.916628 526.516966 448.722723 362.575143 276.345364
128.952196 238.535170 331.024641 405.096640 433.977867
481.884967 525.415252 479.471617 429.116940 367.868518
276.842487 305.125750 362.644363 405.408744 453.522450
483.829262 484.088875 420.162017 342.043239 253.607574
0.000000 183.030998 310.310423 387.022057 430.364966
444.935538 439.348920 421.802666 382.885573 359.238627
418.152675 386.429725 360.540074 408.955320 431.250649
443.360705 446.772845 407.026480 346.999208 267.506843
92.770780 206.619088 302.646429 379.970312 416.154074
428.774492 421.498021 385.787656 364.590658 345.273247
310.719841 332.113114 376.105792 433.183123 448.545762
460.211776 478.098375 423.898865 357.508415 283.903575
133.245973 234.203240 341.390861 446.808401 466.901340
482.155497 494.840555 510.028875 495.329946 469.489034
450.785591 471.668255 502.193946 527.695822 524.483951
521.690653 527.920163 474.658393 404.739240 321.170350
92.770784 206.619091 302.646435 379.970321 416.154070
428.774475 421.497995 385.787648 364.590657 345.273247
310.719841 332.113112 376.105788 433.183119 448.545761
460.211779 478.098379 423.898866 357.508416 283.903576
0.000000 183.031001 310.310423 387.022053 430.364970
444.935542 439.348920 421.802666 382.885574 354.240212
391.494452 371.434477 360.540078 408.955320 431.250649
443.360706 446.772850 407.026476 346.999203 267.506847
128.952198 238.535171 331.024641 405.096641 433.977875
481.884973 525.415252 479.471617 429.116938 367.868514
276.842485 305.125749 362.644364 405.408744 453.522451
483.829261 484.088869 420.162025 342.043247 253.607562
204.570423 309.763936 395.224328 463.339589 526.282509
564.820880 578.471734 539.131887 489.387236 431.746019
363.197433 386.483358 432.476322 467.571832 502.467681
534.889897 563.412383 480.237701 385.091338 286.837460
230.171621 332.396131 409.553758 469.484452 580.522734
611.006944 587.035003 540.458861 512.094717 480.365311
410.437625 446.238713 492.644312 491.543140 546.447371
590.016473 599.156887 524.718257 426.606511 309.001868
204.570417 309.763915 395.224311 463.339590 526.282505
564.820876 578.471733 539.131890 489.387237 431.746017
363.197438 386.483356 432.476314 467.571823 502.467676
534.889896 563.412387 480.237699 385.091345 286.837493
128.952180 238.535161 331.024637 405.096640 433.977868
481.884965 525.415247 479.471611 429.116934 367.868512
276.842483 305.125750 362.644367 405.408744 453.522450
483.829261 484.088874 420.162023 342.043244 253.607567
0.000000 199.964773 320.995738 373.064466 409.476944
418.896393 410.471494 396.691216 393.902293 411.973238
483.293590 444.890324 394.869735 392.773611 404.111366
415.457381 422.908575 389.870223 345.629620 292.256208
124.798160 219.804481 307.935008 385.690648 409.670104
426.995455 438.315342 439.478674 457.290167 466.252506
421.053722 432.394360 458.698189 480.505087 456.689371
453.428053 496.325807 425.741356 362.190742 317.879261
124.798168 219.804482 307.935004 385.690643 409.670096
426.995449 438.315343 439.478681 457.290174 466.252509
421.053722 432.394360 458.698191 480.505092 456.689374
453.428055 496.325807 425.741358 362.190742 317.879256
0.000000 199.964780 320.995746 373.064470 409.476946
418.896395 410.471496 396.691215 393.902291 407.952427
461.849267 432.827891 394.869733 392.773609 404.111366
415.457383 422.908576 389.870228 345.629628 292.256217
92.770784 223.545853 323.536951 396.111163 456.317853
468.467133 452.135679 444.357525 402.449172 349.207952
308.753769 327.749199 357.784528 372.531140 405.016297
427.802158 429.908843 396.670513 339.916695 259.164464
173.423938 270.913431 354.554397 427.426242 513.510600
530.720192 507.551460 499.058958 429.824589 344.592448
296.022351 323.121218 371.880121 418.297551 466.642442
504.916624 526.516957 448.722724 362.575147 276.345364
230.171621 332.396131 409.553758 469.484452 580.522734
611.006944 587.035003 540.458861 512.094717 480.365311
410.437625 446.238713 492.644312 491.543140 546.447371
590.016473 599.156887 524.718257 426.606511 309.001868
230.171618 332.396134 409.553763 469.484454 580.522735
611.006944 587.035003 540.458860 512.094715 480.365308
410.437624 446.238715 492.644315 491.543141 546.447371
590.016472 599.156887 524.718257 426.606508 309.001860
173.423952 270.913442 354.554402 427.426238 513.510596
530.720190 507.551462 499.058960 429.824591 344.592450
296.022352 323.121219 371.880119 418.297546 466.642443
504.916630 526.516967 448.722725 362.575144 276.345362
92.770779 223.545854 323.536957 396.111171 456.317852
468.467130 452.135677 444.357528 402.449175 349.207953
308.753768 327.749200 357.784529 372.531139 405.016305
427.802171 429.908849 396.670517 339.916697 259.164461
0.000000 206.937496 349.952513 433.056663 454.718756
460.994633 455.137813 435.441277 485.374648 561.855936
623.674870 590.387752 522.703876 441.823878 446.047106
459.452860 462.793357 443.054526 390.671406 302.447104
118.652071 262.010816 384.596958 481.838601 488.607329
499.826013 516.355019 546.794078 600.003010 634.731808
574.127010 555.580845 548.111733 537.176415 528.119785
533.175140 560.263142 504.636679 436.151371 360.705760
0.000000 206.937514 349.952527 433.056655 454.718757
460.994637 455.137816 435.441280 485.374648 557.132089
598.481031 576.216216 522.703874 441.823884 446.047107
459.452863 462.793372 443.054548 390.671433 302.447136
124.798168 256.906281 341.739287 388.799219 468.840519
473.227017 441.869033 473.979772 468.762914 445.533029
417.559864 445.619508 468.925869 443.715196 438.852268
433.072314 419.905773 396.758083 345.890537 263.653550
133.245973 261.825810 366.168983 447.787911 506.007288
524.565811 520.592003 529.024556 513.964043 486.868066
454.458425 461.098191 482.415106 510.397258 501.850549
487.800075 475.570156 456.082065 393.326826 280.798902
173.423944 270.913439 354.554401 427.426237 513.510597
530.720190 507.551459 499.058959 429.824591 344.592450
296.022352 323.121219 371.880120 418.297548 466.642441
504.916628 526.516966 448.722723 362.575143 276.345364
204.570417 309.763933 395.224328 463.339590 526.282506
564.820876 578.471735 539.131909 489.387251 431.746019
363.197437 386.483360 432.476320 467.571826 502.467677
534.889897 563.412389 480.237700 385.091339 286.837477
173.423952 270.913442 354.554402 427.426238 513.510596
530.720190 507.551462 499.058960 429.824591 344.592450
296.022352 323.121219 371.880119 418.297546 466.642443
504.916630 526.516967 448.722725 362.575144 276.345362
133.245990 261.825816 366.168985 447.787913 506.007280
524.565805 520.592004 529.024555 513.964042 486.868067
454.458426 461.098193 482.415110 510.397263 501.850555
487.800083 475.570165 456.082076 393.326832 280.798897
124.798169 256.906287 341.739291 388.799216 468.840518
473.227016 441.869031 473.979771 468.762914 445.533030
417.559864 445.619509 468.925869 443.715191 438.852265
433.072313 419.905776 396.758080 345.890533 263.653549
0.000000 289.986874 462.908494 529.507212 524.330854
547.814275 583.199591 585.527336 623.123168 660.578681
645.317445 653.535036 647.709574 594.439037 584.273935
566.920019 525.524237 527.118114 496.406934 423.826973
0.000000 289.986878 462.908508 529.507239 524.330870
547.814283 583.199595 585.527342 623.123171 659.098013
637.420549 649.093029 647.709571 594.439038 584.273940
566.920027 525.524249 527.118145 496.406964 423.826975
118.652071 284.267753 401.330320 475.781602 538.300936
545.677294 524.097454 532.812504 543.064663 553.055663
559.898931 607.393612 629.231723 565.902846 530.403815
506.287508 492.287602 484.962629 432.957444 328.176391
124.798160 256.906282 341.739289 388.799217 468.840518
473.227016 441.869031 473.979767 468.762911 445.533028
417.559861 445.619504 468.925863 443.715188 438.852265
433.072316 419.905782 396.758089 345.890541 263.653552
92.770780 223.545850 323.536950 396.111163 456.317849
468.467130 452.135677 444.357528 402.449176 349.207955
308.753769 327.749200 357.784529 372.531142 405.016314
427.802182 429.908854 396.670510 339.916687 259.164461
128.952196 238.535170 331.024641 405.096640 433.977867
481.884967 525.415252 479.471617 429.116940 367.868518
276.842487 305.125750 362.644363 405.408744 453.522450
483.829262 484.088875 420.162017 342.043239 253.607574
128.952180 238.535161 331.024637 405.096640 433.977868
481.884965 525.415247 479.471611 429.116934 367.868512
276.842483 305.125750 362.644367 405.408744 453.522450
483.829261 484.088874 420.162023 342.043244 253.607567
92.770779 223.545854 323.536957 396.111171 456.317852
468.467130 452.135677 444.357528 402.449175 349.207953
308.753768 327.749200 357.784529 372.531139 405.016305
427.802171 429.908849 396.670517 339.916697 259.164461
124.798169 256.906287 341.739291 388.799216 468.840518
473.227016 441.869031 473.979771 468.762914 445.533030
417.559864 445.619509 468.925869 443.715191 438.852265
433.072313 419.905776 396.758080 345.890533 263.653549
118.652062 284.267721 401.330292 475.781599 538.300935
545.677295 524.097454 532.812499 543.064659 553.055661
559.898928 607.393613 629.231727 565.902849 530.403815
506.287502 492.287587 484.962608 432.957418 328.176365
