7.240000000000000000e+03 6.716685295104980469e-01 1.000000000000000021e-02
7.280000000000000000e+03 6.706035137176514782e-01 1.000000000000000021e-02
7.320000000000000000e+03 6.702670454978942871e-01 1.000000000000000021e-02
7.360000000000000000e+03 6.706433296203613281e-01 1.000000000000000021e-02
7.400000000000000000e+03 6.712889075279234730e-01 1.000000000000000021e-02
7.440000000000000000e+03 6.715719699859619141e-01 1.000000000000000021e-02
7.480000000000000000e+03 6.711170077323913574e-01 1.000000000000000021e-02
7.520000000000000000e+03 6.699920296669006348e-01 1.000000000000000021e-02
7.560000000000000000e+03 6.685428619384765625e-01 1.000000000000000021e-02
7.600000000000000000e+03 6.671870946884156384e-01 1.000000000000000021e-02
7.640000000000000000e+03 6.663330793380736194e-01 1.000000000000000021e-02
7.680000000000000000e+03 6.662747263908386230e-01 1.000000000000000021e-02
7.720000000000000000e+03 6.669759750366209827e-01 1.000000000000000021e-02
7.760000000000000000e+03 6.679685115814208984e-01 1.000000000000000021e-02
7.800000000000000000e+03 6.685934662818908691e-01 1.000000000000000021e-02
7.840000000000000000e+03 6.684310436248779297e-01 1.000000000000000021e-02
7.880000000000000000e+03 6.674933433532714844e-01 1.000000000000000021e-02
7.920000000000000000e+03 6.660767197608947754e-01 1.000000000000000021e-02
7.960000000000000000e+03 6.645488739013671875e-01 1.000000000000000021e-02
8.000000000000000000e+03 6.633045077323913574e-01 1.000000000000000021e-02
8.040000000000000000e+03 6.628164649009704590e-01 1.000000000000000021e-02
8.080000000000000000e+03 6.635510921478271484e-01 1.000000000000000021e-02
8.120000000000000000e+03 6.656589508056639515e-01 1.000000000000000021e-02
8.160000000000000000e+03 6.686745882034300648e-01 1.000000000000000021e-02
8.200000000000000000e+03 6.716234683990477405e-01 1.000000000000000021e-02
8.240000000000000000e+03 6.735745072364808239e-01 1.000000000000000021e-02
8.280000000000000000e+03 6.741548180580139160e-01 1.000000000000000021e-02
8.320000000000000000e+03 6.735813021659849964e-01 1.000000000000000021e-02
8.360000000000000000e+03 6.723120212554930530e-01 1.000000000000000021e-02
8.400000000000000000e+03 6.707302927970887341e-01 1.000000000000000021e-02
8.440000000000000000e+03 6.690567731857299805e-01 1.000000000000000021e-02
8.480000000000000000e+03 6.674101948738097034e-01 1.000000000000000021e-02
8.520000000000000000e+03 6.658829450607300915e-01 1.000000000000000021e-02
8.560000000000000000e+03 6.645599603652955212e-01 1.000000000000000021e-02
8.600000000000000000e+03 6.634845137596129261e-01 1.000000000000000021e-02
8.640000000000000000e+03 6.626064181327819824e-01 1.000000000000000021e-02
8.680000000000000000e+03 6.617769002914428711e-01 1.000000000000000021e-02
8.720000000000000000e+03 6.608203649520874023e-01 1.000000000000000021e-02
8.760000000000000000e+03 6.596247553825378418e-01 1.000000000000000021e-02
8.800000000000000000e+03 6.581839323043823242e-01 1.000000000000000021e-02
8.840000000000000000e+03 6.565628647804260254e-01 1.000000000000000021e-02
8.880000000000000000e+03 6.548413038253784180e-01 1.000000000000000021e-02
8.920000000000000000e+03 6.530802249908447266e-01 1.000000000000000021e-02
8.960000000000000000e+03 6.513354182243347168e-01 1.000000000000000021e-02
9.000000000000000000e+03 6.497029662132263184e-01 1.000000000000000021e-02
9.040000000000000000e+03 6.483971476554870605e-01 1.000000000000000021e-02
9.080000000000000000e+03 6.478350758552551270e-01 1.000000000000000021e-02
9.120000000000000000e+03 6.486366987228393555e-01 1.000000000000000021e-02
9.160000000000000000e+03 6.514351367950440563e-01 1.000000000000000021e-02
9.200000000000000000e+03 6.564831137657165527e-01 1.000000000000000021e-02
9.240000000000000000e+03 6.632807850837708630e-01 1.000000000000000021e-02
9.280000000000000000e+03 6.705778837203978382e-01 1.000000000000000021e-02
9.320000000000000000e+03 6.768860220909118652e-01 1.000000000000000021e-02
9.360000000000000000e+03 6.811820864677429199e-01 1.000000000000000021e-02
9.400000000000000000e+03 6.832748651504517712e-01 1.000000000000000021e-02
9.440000000000000000e+03 6.836277246475218616e-01 1.000000000000000021e-02
9.480000000000000000e+03 6.829120516777038574e-01 1.000000000000000021e-02
9.520000000000000000e+03 6.816679239273071289e-01 1.000000000000000021e-02
9.560000000000000000e+03 6.802091002464294434e-01 1.000000000000000021e-02
9.600000000000000000e+03 6.786767840385438122e-01 1.000000000000000021e-02
9.640000000000000000e+03 6.771233677864074707e-01 1.000000000000000021e-02
9.680000000000000000e+03 6.755664944648743786e-01 1.000000000000000021e-02
9.720000000000000000e+03 6.740286350250244141e-01 1.000000000000000021e-02
9.760000000000000000e+03 6.725468039512634277e-01 1.000000000000000021e-02
9.800000000000000000e+03 6.711920499801636852e-01 1.000000000000000021e-02
9.840000000000000000e+03 6.700701117515563965e-01 1.000000000000000021e-02
9.880000000000000000e+03 6.692977547645569958e-01 1.000000000000000021e-02
9.920000000000000000e+03 6.689457893371583141e-01 1.000000000000000021e-02
9.960000000000000000e+03 6.689748167991639294e-01 1.000000000000000021e-02
1.000000000000000000e+04 6.692116856575012207e-01 1.000000000000000021e-02
1.004000000000000000e+04 6.693995594978332520e-01 1.000000000000000021e-02
1.008000000000000000e+04 6.693025827407836914e-01 1.000000000000000021e-02
1.012000000000000000e+04 6.687961220741271973e-01 1.000000000000000021e-02
1.016000000000000000e+04 6.678878068923950195e-01 1.000000000000000021e-02
1.020000000000000000e+04 6.666727662086486816e-01 1.000000000000000021e-02
1.024000000000000000e+04 6.652660369873045765e-01 1.000000000000000021e-02
1.028000000000000000e+04 6.637587547302244984e-01 1.000000000000000021e-02
1.032000000000000000e+04 6.622056961059570312e-01 1.000000000000000021e-02
1.036000000000000000e+04 6.606333255767823376e-01 1.000000000000000021e-02
1.040000000000000000e+04 6.590527892112733044e-01 1.000000000000000021e-02
1.044000000000000000e+04 6.574659943580627441e-01 1.000000000000000021e-02
1.048000000000000000e+04 6.558753252029418945e-01 1.000000000000000021e-02
1.052000000000000000e+04 6.542845964431761585e-01 1.000000000000000021e-02
1.056000000000000000e+04 6.526969075202943005e-01 1.000000000000000021e-02
1.060000000000000000e+04 6.511303782463073730e-01 1.000000000000000021e-02
1.064000000000000000e+04 6.496292352676392712e-01 1.000000000000000021e-02
1.068000000000000000e+04 6.482907533645630993e-01 1.000000000000000021e-02
1.072000000000000000e+04 6.472983956336973987e-01 1.000000000000000021e-02
1.076000000000000000e+04 6.469377875328061744e-01 1.000000000000000021e-02
1.080000000000000000e+04 6.475658416748046875e-01 1.000000000000000021e-02
1.084000000000000000e+04 6.495026350021363415e-01 1.000000000000000021e-02
1.088000000000000000e+04 6.528674364089965820e-01 1.000000000000000021e-02
1.092000000000000000e+04 6.574342250823974609e-01 1.000000000000000021e-02
1.096000000000000000e+04 6.626121401786804199e-01 1.000000000000000021e-02
1.100000000000000000e+04 6.676020622253417969e-01 1.000000000000000021e-02
1.104000000000000000e+04 6.716708540916442871e-01 1.000000000000000021e-02
1.108000000000000000e+04 6.743927597999572754e-01 1.000000000000000021e-02
1.112000000000000000e+04 6.757272481918333851e-01 1.000000000000000021e-02
1.116000000000000000e+04 6.759222745895385742e-01 1.000000000000000021e-02
1.120000000000000000e+04 6.753373742103576660e-01 1.000000000000000021e-02
1.124000000000000000e+04 6.742973327636719860e-01 1.000000000000000021e-02
1.128000000000000000e+04 6.730275750160216175e-01 1.000000000000000021e-02
1.132000000000000000e+04 6.716561317443847656e-01 1.000000000000000021e-02
1.136000000000000000e+04 6.702439785003663220e-01 1.000000000000000021e-02
1.140000000000000000e+04 6.688177585601806641e-01 1.000000000000000021e-02
1.144000000000000000e+04 6.673820614814758301e-01 1.000000000000000021e-02
1.148000000000000000e+04 6.659429669380187988e-01 1.000000000000000021e-02
1.152000000000000000e+04 6.645007729530335583e-01 1.000000000000000021e-02
1.156000000000000000e+04 6.630553603172303356e-01 1.000000000000000021e-02
1.160000000000000000e+04 6.616067290306090198e-01 1.000000000000000021e-02
1.164000000000000000e+04 6.601551771163940430e-01 1.000000000000000021e-02
1.168000000000000000e+04 6.587004065513611950e-01 1.000000000000000021e-02
1.172000000000000000e+04 6.572426557540894665e-01 1.000000000000000021e-02
1.176000000000000000e+04 6.557843685150145374e-01 1.000000000000000021e-02
1.180000000000000000e+04 6.543266773223878063e-01 1.000000000000000021e-02
1.184000000000000000e+04 6.528776884078979492e-01 1.000000000000000021e-02
1.188000000000000000e+04 6.514558792114258923e-01 1.000000000000000021e-02
1.192000000000000000e+04 6.501004099845886230e-01 1.000000000000000021e-02
1.196000000000000000e+04 6.488839387893675648e-01 1.000000000000000021e-02
1.200000000000000000e+04 6.479256749153137207e-01 1.000000000000000021e-02
1.204000000000000000e+04 6.473900675773619495e-01 1.000000000000000021e-02
1.208000000000000000e+04 6.474640369415283203e-01 1.000000000000000021e-02
1.212000000000000000e+04 6.483045220375062145e-01 1.000000000000000021e-02
1.216000000000000000e+04 6.499672532081604004e-01 1.000000000000000021e-02
1.220000000000000000e+04 6.523472070693969727e-01 1.000000000000000021e-02
1.224000000000000000e+04 6.551660299301148571e-01 1.000000000000000021e-02
1.228000000000000000e+04 6.580271124839782715e-01 1.000000000000000021e-02
1.232000000000000000e+04 6.605224609375000000e-01 1.000000000000000021e-02
1.236000000000000000e+04 6.623460650444030762e-01 1.000000000000000021e-02
1.240000000000000000e+04 6.633628010749815784e-01 1.000000000000000021e-02
1.244000000000000000e+04 6.636068820953369141e-01 1.000000000000000021e-02
1.248000000000000000e+04 6.632249355316160999e-01 1.000000000000000021e-02
1.252000000000000000e+04 6.624031066894531250e-01 1.000000000000000021e-02
1.256000000000000000e+04 6.613081693649290882e-01 1.000000000000000021e-02
1.260000000000000000e+04 6.600624918937684216e-01 1.000000000000000021e-02
1.264000000000000000e+04 6.587418317794800915e-01 1.000000000000000021e-02
1.268000000000000000e+04 6.573869585990905762e-01 1.000000000000000021e-02
1.272000000000000000e+04 6.560169458389282227e-01 1.000000000000000021e-02
1.276000000000000000e+04 6.546406149864196777e-01 1.000000000000000021e-02
1.280000000000000000e+04 6.532592177391053356e-01 1.000000000000000021e-02
1.284000000000000000e+04 6.518751978874206543e-01 1.000000000000000021e-02
1.288000000000000000e+04 6.504888534545898438e-01 1.000000000000000021e-02
1.292000000000000000e+04 6.490998268127441406e-01 1.000000000000000021e-02
1.296000000000000000e+04 6.477085947990416370e-01 1.000000000000000021e-02
1.300000000000000000e+04 6.463149189949036755e-01 1.000000000000000021e-02
1.304000000000000000e+04 6.449189186096191406e-01 1.000000000000000021e-02
1.308000000000000000e+04 6.435206532478332520e-01 1.000000000000000021e-02
1.312000000000000000e+04 6.421199440956115723e-01 1.000000000000000021e-02
1.316000000000000000e+04 6.407168507575988770e-01 1.000000000000000021e-02
1.320000000000000000e+04 6.393116116523742676e-01 1.000000000000000021e-02
1.324000000000000000e+04 6.379041671752929688e-01 1.000000000000000021e-02
1.328000000000000000e+04 6.364946961402894177e-01 1.000000000000000021e-02
1.332000000000000000e+04 6.350828409194947399e-01 1.000000000000000021e-02
1.336000000000000000e+04 6.336687803268432617e-01 1.000000000000000021e-02
1.340000000000000000e+04 6.322525739669799805e-01 1.000000000000000021e-02
1.344000000000000000e+04 6.308344602584838867e-01 1.000000000000000021e-02
1.348000000000000000e+04 6.294142007827758789e-01 1.000000000000000021e-02
1.352000000000000000e+04 6.279919743537902832e-01 1.000000000000000021e-02
1.356000000000000000e+04 6.265717744827269398e-01 1.000000000000000021e-02
1.360000000000000000e+04 6.251538395881653942e-01 1.000000000000000021e-02
1.364000000000000000e+04 6.237485408782960095e-01 1.000000000000000021e-02
1.368000000000000000e+04 6.223759055137633167e-01 1.000000000000000021e-02
1.372000000000000000e+04 6.210787892341613770e-01 1.000000000000000021e-02
1.376000000000000000e+04 6.199377179145812988e-01 1.000000000000000021e-02
1.380000000000000000e+04 6.190920472145080566e-01 1.000000000000000021e-02
1.384000000000000000e+04 6.187583208084107556e-01 1.000000000000000021e-02
1.388000000000000000e+04 6.192381978034974255e-01 1.000000000000000021e-02
1.392000000000000000e+04 6.208980679512022816e-01 1.000000000000000021e-02
1.396000000000000000e+04 6.241161227226257324e-01 1.000000000000000021e-02
1.400000000000000000e+04 6.291918754577636719e-01 1.000000000000000021e-02
1.404000000000000000e+04 6.362384557723997913e-01 1.000000000000000021e-02
1.408000000000000000e+04 6.450910568237304688e-01 1.000000000000000021e-02
1.412000000000000000e+04 6.552695035934448242e-01 1.000000000000000021e-02
1.416000000000000000e+04 6.660272479057312012e-01 1.000000000000000021e-02
1.420000000000000000e+04 6.764882206916809082e-01 1.000000000000000021e-02
1.424000000000000000e+04 6.858330368995666504e-01 1.000000000000000021e-02
1.428000000000000000e+04 6.934729218482972302e-01 1.000000000000000021e-02
1.432000000000000000e+04 6.991459727287291370e-01 1.000000000000000021e-02
1.436000000000000000e+04 7.029098868370056152e-01 1.000000000000000021e-02
1.440000000000000000e+04 7.050505876541136585e-01 1.000000000000000021e-02
1.444000000000000000e+04 7.059584856033324085e-01 1.000000000000000021e-02
1.448000000000000000e+04 7.060199379920959473e-01 1.000000000000000021e-02
1.452000000000000000e+04 7.055518031120299183e-01 1.000000000000000021e-02
1.456000000000000000e+04 7.047797441482543945e-01 1.000000000000000021e-02
1.460000000000000000e+04 7.038470506668089710e-01 1.000000000000000021e-02
1.464000000000000000e+04 7.028353214263916016e-01 1.000000000000000021e-02
1.468000000000000000e+04 7.017871737480163574e-01 1.000000000000000021e-02
1.472000000000000000e+04 7.007264494895935059e-01 1.000000000000000021e-02
1.476000000000000000e+04 6.996511220932007946e-01 1.000000000000000021e-02
1.480000000000000000e+04 6.985734701156616211e-01 1.000000000000000021e-02
1.484000000000000000e+04 6.974934339523315430e-01 1.000000000000000021e-02
1.488000000000000000e+04 6.964110136032103382e-01 1.000000000000000021e-02
1.492000000000000000e+04 6.953263878822326660e-01 1.000000000000000021e-02
1.496000000000000000e+04 6.942394375801087536e-01 1.000000000000000021e-02
1.500000000000000000e+04 6.931501030921937145e-01 1.000000000000000021e-02
1.504000000000000000e+04 6.920585036277772106e-01 1.000000000000000021e-02
1.508000000000000000e+04 6.909646987915039062e-01 1.000000000000000021e-02
1.512000000000000000e+04 6.898686885833740234e-01 1.000000000000000021e-02
1.516000000000000000e+04 6.887704730033873401e-01 1.000000000000000021e-02
1.520000000000000000e+04 6.876699328422547497e-01 1.000000000000000021e-02
1.524000000000000000e+04 6.865673065185545765e-01 1.000000000000000021e-02
1.528000000000000000e+04 6.854625344276429333e-01 1.000000000000000021e-02
1.532000000000000000e+04 6.843556165695190430e-01 1.000000000000000021e-02
1.536000000000000000e+04 6.832464933395385742e-01 1.000000000000000021e-02
1.540000000000000000e+04 6.821352839469909668e-01 1.000000000000000021e-02
1.544000000000000000e+04 6.810219883918762207e-01 1.000000000000000021e-02
1.548000000000000000e+04 6.799066066741942249e-01 1.000000000000000021e-02
1.552000000000000000e+04 6.787892580032348633e-01 1.000000000000000021e-02
1.556000000000000000e+04 6.776698231697081409e-01 1.000000000000000021e-02
1.560000000000000000e+04 6.765483617782592773e-01 1.000000000000000021e-02
1.564000000000000000e+04 6.754249334335328259e-01 1.000000000000000021e-02
1.568000000000000000e+04 6.742995977401733398e-01 1.000000000000000021e-02
1.572000000000000000e+04 6.731722950935362659e-01 1.000000000000000021e-02
1.576000000000000000e+04 6.720430254936218262e-01 1.000000000000000021e-02
1.580000000000000000e+04 6.709117889404297985e-01 1.000000000000000021e-02
1.584000000000000000e+04 6.697788238525390625e-01 1.000000000000000021e-02
1.588000000000000000e+04 6.686439514160156250e-01 1.000000000000000021e-02
1.592000000000000000e+04 6.675072908401489258e-01 1.000000000000000021e-02
1.596000000000000000e+04 6.663686633110047497e-01 1.000000000000000021e-02
1.600000000000000000e+04 6.652283668518066406e-01 1.000000000000000021e-02
1.604000000000000000e+04 6.640863418579101562e-01 1.000000000000000021e-02
1.608000000000000000e+04 6.629424095153807484e-01 1.000000000000000021e-02
1.612000000000000000e+04 6.617969274520875134e-01 1.000000000000000021e-02
1.616000000000000000e+04 6.606497168540954590e-01 1.000000000000000021e-02
1.620000000000000000e+04 6.595009565353393555e-01 1.000000000000000021e-02
1.624000000000000000e+04 6.583504676818847656e-01 1.000000000000000021e-02
1.628000000000000000e+04 6.571982502937315784e-01 1.000000000000000021e-02
1.632000000000000000e+04 6.560446023941041149e-01 1.000000000000000021e-02
1.636000000000000000e+04 6.548893451690672718e-01 1.000000000000000021e-02
1.640000000000000000e+04 6.537324786186219372e-01 1.000000000000000021e-02
1.644000000000000000e+04 6.525743007659910999e-01 1.000000000000000021e-02
1.648000000000000000e+04 6.514145135879515491e-01 1.000000000000000021e-02
1.652000000000000000e+04 6.502532958984375000e-01 1.000000000000000021e-02
1.656000000000000000e+04 6.490906476974487305e-01 1.000000000000000021e-02
1.660000000000000000e+04 6.479266881942749023e-01 1.000000000000000021e-02
1.664000000000000000e+04 6.467655897140502930e-01 1.000000000000000021e-02
1.668000000000000000e+04 6.456049084663391113e-01 1.000000000000000021e-02
1.672000000000000000e+04 6.444499492645262562e-01 1.000000000000000021e-02
1.676000000000000000e+04 6.433081030845640980e-01 1.000000000000000021e-02
1.680000000000000000e+04 6.421921253204347924e-01 1.000000000000000021e-02
1.684000000000000000e+04 6.411236524581909180e-01 1.000000000000000021e-02
1.688000000000000000e+04 6.401367187499998890e-01 1.000000000000000021e-02
1.692000000000000000e+04 6.392814517021178089e-01 1.000000000000000021e-02
1.696000000000000000e+04 6.386261582374571644e-01 1.000000000000000021e-02
1.700000000000000000e+04 6.382569670677185059e-01 1.000000000000000021e-02
1.704000000000000000e+04 6.382721066474914551e-01 1.000000000000000021e-02
1.708000000000000000e+04 6.387712359428405762e-01 1.000000000000000021e-02
1.712000000000000000e+04 6.398392319679260254e-01 1.000000000000000021e-02
1.716000000000000000e+04 6.415259242057799183e-01 1.000000000000000021e-02
1.720000000000000000e+04 6.438288688659667969e-01 1.000000000000000021e-02
1.724000000000000000e+04 6.466794610023498535e-01 1.000000000000000021e-02
1.728000000000000000e+04 6.499425768852233887e-01 1.000000000000000021e-02
1.732000000000000000e+04 6.534269452095030628e-01 1.000000000000000021e-02
1.736000000000000000e+04 6.569098830223083496e-01 1.000000000000000021e-02
1.740000000000000000e+04 6.601687669754028320e-01 1.000000000000000021e-02
1.744000000000000000e+04 6.630131006240843616e-01 1.000000000000000021e-02
1.748000000000000000e+04 6.653092503547667347e-01 1.000000000000000021e-02
1.752000000000000000e+04 6.669932603836058460e-01 1.000000000000000021e-02
1.756000000000000000e+04 6.680673956871030494e-01 1.000000000000000021e-02
1.760000000000000000e+04 6.685875058174132191e-01 1.000000000000000021e-02
1.764000000000000000e+04 6.686421036720275879e-01 1.000000000000000021e-02
1.768000000000000000e+04 6.683323979377747692e-01 1.000000000000000021e-02
1.772000000000000000e+04 6.677554845809938744e-01 1.000000000000000021e-02
1.776000000000000000e+04 6.669945716857911266e-01 1.000000000000000021e-02
1.780000000000000000e+04 6.661138534545898438e-01 1.000000000000000021e-02
1.784000000000000000e+04 6.651596426963806152e-01 1.000000000000000021e-02
1.788000000000000000e+04 6.641627550125123181e-01 1.000000000000000021e-02
1.792000000000000000e+04 6.631419062614439808e-01 1.000000000000000021e-02
1.796000000000000000e+04 6.621086001396179199e-01 1.000000000000000021e-02
1.800000000000000000e+04 6.610724925994871937e-01 1.000000000000000021e-02
1.804000000000000000e+04 6.600276231765748181e-01 1.000000000000000021e-02
1.808000000000000000e+04 6.589823961257935681e-01 1.000000000000000021e-02
1.812000000000000000e+04 6.579368710517883301e-01 1.000000000000000021e-02
1.816000000000000000e+04 6.568911075592041016e-01 1.000000000000000021e-02
1.820000000000000000e+04 6.558452844619750977e-01 1.000000000000000021e-02
1.824000000000000000e+04 6.547992229461668812e-01 1.000000000000000021e-02
1.828000000000000000e+04 6.537531018257141113e-01 1.000000000000000021e-02
1.832000000000000000e+04 6.527069807052612305e-01 1.000000000000000021e-02
1.836000000000000000e+04 6.516608595848082386e-01 1.000000000000000021e-02
1.840000000000000000e+04 6.506148576736451306e-01 1.000000000000000021e-02
1.844000000000000000e+04 6.495689153671264648e-01 1.000000000000000021e-02
1.848000000000000000e+04 6.485234498977661133e-01 1.000000000000000021e-02
1.852000000000000000e+04 6.474778652191162109e-01 1.000000000000000021e-02
1.856000000000000000e+04 6.464326977729797363e-01 1.000000000000000021e-02
1.860000000000000000e+04 6.453878283500671387e-01 1.000000000000000021e-02
1.864000000000000000e+04 6.443433165550230823e-01 1.000000000000000021e-02
1.868000000000000000e+04 6.432993412017822266e-01 1.000000000000000021e-02
1.872000000000000000e+04 6.422558426856994629e-01 1.000000000000000021e-02
1.876000000000000000e+04 6.412128806114196777e-01 1.000000000000000021e-02
1.880000000000000000e+04 6.401705741882324219e-01 1.000000000000000021e-02
1.884000000000000000e+04 6.391289234161378063e-01 1.000000000000000021e-02
1.888000000000000000e+04 6.380881071090699352e-01 1.000000000000000021e-02
1.892000000000000000e+04 6.370480060577392578e-01 1.000000000000000021e-02
1.896000000000000000e+04 6.360087394714355469e-01 1.000000000000000021e-02
1.900000000000000000e+04 6.349703669548034668e-01 1.000000000000000021e-02
1.904000000000000000e+04 6.339329481124877930e-01 1.000000000000000021e-02
1.908000000000000000e+04 6.328965425491333008e-01 1.000000000000000021e-02
1.912000000000000000e+04 6.318613886833190918e-01 1.000000000000000021e-02
1.916000000000000000e+04 6.308270096778869629e-01 1.000000000000000021e-02
1.920000000000000000e+04 6.297941803932188831e-01 1.000000000000000021e-02
1.924000000000000000e+04 6.287625432014465332e-01 1.000000000000000021e-02
1.928000000000000000e+04 6.277322769165039062e-01 1.000000000000000021e-02
1.932000000000000000e+04 6.267032623291015625e-01 1.000000000000000021e-02
1.936000000000000000e+04 6.256756782531738281e-01 1.000000000000000021e-02
1.940000000000000000e+04 6.246498227119446911e-01 1.000000000000000021e-02
1.944000000000000000e+04 6.236253976821899414e-01 1.000000000000000021e-02
1.948000000000000000e+04 6.226027011871337891e-01 1.000000000000000021e-02
1.952000000000000000e+04 6.215815544128417969e-01 1.000000000000000021e-02
1.956000000000000000e+04 6.205623745918273926e-01 1.000000000000000021e-02
1.960000000000000000e+04 6.195448637008666992e-01 1.000000000000000021e-02
1.964000000000000000e+04 6.185293197631834827e-01 1.000000000000000021e-02
1.968000000000000000e+04 6.175158023834229626e-01 1.000000000000000021e-02
1.972000000000000000e+04 6.165043711662292480e-01 1.000000000000000021e-02
1.976000000000000000e+04 6.154950261116028942e-01 1.000000000000000021e-02
1.980000000000000000e+04 6.144876480102540173e-01 1.000000000000000021e-02
1.984000000000000000e+04 6.134827136993408203e-01 1.000000000000000021e-02
1.988000000000000000e+04 6.124800443649291992e-01 1.000000000000000021e-02
1.992000000000000000e+04 6.114796400070191540e-01 1.000000000000000021e-02
1.996000000000000000e+04 6.104817390441894531e-01 1.000000000000000021e-02
2.000000000000000000e+04 6.094864606857299805e-01 1.000000000000000021e-02
2.004000000000000000e+04 6.084938645362852894e-01 1.000000000000000021e-02
2.008000000000000000e+04 6.075036525726319470e-01 1.000000000000000021e-02
2.012000000000000000e+04 6.065163016319273792e-01 1.000000000000000021e-02
2.016000000000000000e+04 6.055316925048827015e-01 1.000000000000000021e-02
2.020000000000000000e+04 6.045501232147216797e-01 1.000000000000000021e-02
2.024000000000000000e+04 6.035713553428651013e-01 1.000000000000000021e-02
2.028000000000000000e+04 6.025955080986022949e-01 1.000000000000000021e-02
2.032000000000000000e+04 6.016229391098022461e-01 1.000000000000000021e-02
2.036000000000000000e+04 6.006534695625306286e-01 1.000000000000000021e-02
2.040000000000000000e+04 5.996870994567872204e-01 1.000000000000000021e-02
2.044000000000000000e+04 5.987242460250853382e-01 1.000000000000000021e-02
2.048000000000000000e+04 5.977647900581359863e-01 1.000000000000000021e-02
2.052000000000000000e+04 5.968087315559387207e-01 1.000000000000000021e-02
2.056000000000000000e+04 5.958562493324279785e-01 1.000000000000000021e-02
2.060000000000000000e+04 5.949074029922485352e-01 1.000000000000000021e-02
2.064000000000000000e+04 5.939621329307556152e-01 1.000000000000000021e-02
2.068000000000000000e+04 5.930207371711730957e-01 1.000000000000000021e-02
2.072000000000000000e+04 5.920832157135009766e-01 1.000000000000000021e-02
2.076000000000000000e+04 5.911495685577392578e-01 1.000000000000000021e-02
2.080000000000000000e+04 5.902200341224670410e-01 1.000000000000000021e-02
2.084000000000000000e+04 5.892944931983947754e-01 1.000000000000000021e-02
2.088000000000000000e+04 5.883733034133911133e-01 1.000000000000000021e-02
2.092000000000000000e+04 5.874563455581665039e-01 1.000000000000000021e-02
2.096000000000000000e+04 5.865436792373657227e-01 1.000000000000000021e-02
2.100000000000000000e+04 5.856355428695678711e-01 1.000000000000000021e-02
2.104000000000000000e+04 5.847316980361939587e-01 1.000000000000000021e-02
2.108000000000000000e+04 5.838328003883361816e-01 1.000000000000000021e-02
2.112000000000000000e+04 5.829384922981263317e-01 1.000000000000000021e-02
2.116000000000000000e+04 5.820489525794982910e-01 1.000000000000000021e-02
2.120000000000000000e+04 5.811641812324523926e-01 1.000000000000000021e-02
2.124000000000000000e+04 5.802846550941467285e-01 1.000000000000000021e-02
2.128000000000000000e+04 5.794098973274229847e-01 1.000000000000000021e-02
2.132000000000000000e+04 5.785406827926635742e-01 1.000000000000000021e-02
2.136000000000000000e+04 5.776765942573547363e-01 1.000000000000000021e-02
2.140000000000000000e+04 5.768176913261414684e-01 1.000000000000000021e-02
2.144000000000000000e+04 5.759643912315368652e-01 1.000000000000000021e-02
2.148000000000000000e+04 5.751165747642515980e-01 1.000000000000000021e-02
2.152000000000000000e+04 5.742745399475096546e-01 1.000000000000000021e-02
2.156000000000000000e+04 5.734381675720213734e-01 1.000000000000000021e-02
2.160000000000000000e+04 5.726077556610107422e-01 1.000000000000000021e-02
2.164000000000000000e+04 5.717832446098327637e-01 1.000000000000000021e-02
2.168000000000000000e+04 5.709648132324218750e-01 1.000000000000000021e-02
2.172000000000000000e+04 5.701525211334228516e-01 1.000000000000000021e-02
2.176000000000000000e+04 5.693465471267701306e-01 1.000000000000000021e-02
2.180000000000000000e+04 5.685470104217530407e-01 1.000000000000000021e-02
2.184000000000000000e+04 5.677540302276611328e-01 1.000000000000000021e-02
2.188000000000000000e+04 5.669674277305601917e-01 1.000000000000000021e-02
2.192000000000000000e+04 5.661878585815429688e-01 1.000000000000000021e-02
2.196000000000000000e+04 5.654150247573853649e-01 1.000000000000000021e-02
2.200000000000000000e+04 5.646492242813110352e-01 1.000000000000000021e-02
2.204000000000000000e+04 5.638905167579650879e-01 1.000000000000000021e-02
2.208000000000000000e+04 5.631390213966368519e-01 1.000000000000000021e-02
2.212000000000000000e+04 5.623947381973266602e-01 1.000000000000000021e-02
2.216000000000000000e+04 5.616581439971922718e-01 1.000000000000000021e-02
2.220000000000000000e+04 5.609289407730102539e-01 1.000000000000000021e-02
2.224000000000000000e+04 5.602076053619384766e-01 1.000000000000000021e-02
2.228000000000000000e+04 5.594941377639771618e-01 1.000000000000000021e-02
2.232000000000000000e+04 5.587885975837707520e-01 1.000000000000000021e-02
2.236000000000000000e+04 5.580912828445434570e-01 1.000000000000000021e-02
2.240000000000000000e+04 5.574020743370056152e-01 1.000000000000000021e-02
2.244000000000000000e+04 5.567213892936706543e-01 1.000000000000000021e-02
2.248000000000000000e+04 5.560492277145386852e-01 1.000000000000000021e-02
2.252000000000000000e+04 5.553857088088989258e-01 1.000000000000000021e-02
2.256000000000000000e+04 5.547311305999755859e-01 1.000000000000000021e-02
2.260000000000000000e+04 5.540853738784790039e-01 1.000000000000000021e-02
2.264000000000000000e+04 5.534487962722777210e-01 1.000000000000000021e-02
2.268000000000000000e+04 5.528214573860168457e-01 1.000000000000000021e-02
2.272000000000000000e+04 5.522038340568542480e-01 1.000000000000000021e-02
2.276000000000000000e+04 5.515955686569213867e-01 1.000000000000000021e-02
2.280000000000000000e+04 5.509970784187316895e-01 1.000000000000000021e-02
2.284000000000000000e+04 5.504085421562194824e-01 1.000000000000000021e-02
2.288000000000000000e+04 5.498299598693848766e-01 1.000000000000000021e-02
2.292000000000000000e+04 5.492619276046752930e-01 1.000000000000000021e-02
2.296000000000000000e+04 5.487040281295777477e-01 1.000000000000000021e-02
2.300000000000000000e+04 5.481569170951843262e-01 1.000000000000000021e-02
2.304000000000000000e+04 5.476202368736267090e-01 1.000000000000000021e-02
2.308000000000000000e+04 5.470947027206419788e-01 1.000000000000000021e-02
2.312000000000000000e+04 5.465802550315856934e-01 1.000000000000000021e-02
2.316000000000000000e+04 5.460771918296813965e-01 1.000000000000000021e-02
2.320000000000000000e+04 5.455857515335083008e-01 1.000000000000000021e-02
2.324000000000000000e+04 5.451058149337768555e-01 1.000000000000000021e-02
2.328000000000000000e+04 5.446376204490661621e-01 1.000000000000000021e-02
2.332000000000000000e+04 5.441818833351135254e-01 1.000000000000000021e-02
2.336000000000000000e+04 5.437382459640504040e-01 1.000000000000000021e-02
2.340000000000000000e+04 5.433071851730347790e-01 1.000000000000000021e-02
2.344000000000000000e+04 5.428887605667115368e-01 1.000000000000000021e-02
2.348000000000000000e+04 5.424832701683044434e-01 1.000000000000000021e-02
2.352000000000000000e+04 5.421084761619567871e-01 1.000000000000000021e-02
2.356000000000000000e+04 5.417449474334716797e-01 1.000000000000000021e-02
2.360000000000000000e+04 5.414065718650817871e-01 1.000000000000000021e-02
2.364000000000000000e+04 5.411018729209901013e-01 1.000000000000000021e-02
2.368000000000000000e+04 5.408434271812437855e-01 1.000000000000000021e-02
2.372000000000000000e+04 5.406503081321716309e-01 1.000000000000000021e-02
2.376000000000000000e+04 5.405499935150146484e-01 1.000000000000000021e-02
2.380000000000000000e+04 5.405822992324830212e-01 1.000000000000000021e-02
2.384000000000000000e+04 5.408009290695190430e-01 1.000000000000000021e-02
2.388000000000000000e+04 5.412781238555908203e-01 1.000000000000000021e-02
2.392000000000000000e+04 5.421060323715211071e-01 1.000000000000000021e-02
2.396000000000000000e+04 5.433990955352783203e-01 1.000000000000000021e-02
2.400000000000000000e+04 5.452936291694641113e-01 1.000000000000000021e-02
2.404000000000000000e+04 5.479452013969421387e-01 1.000000000000000021e-02
2.408000000000000000e+04 5.515245795249938965e-01 1.000000000000000021e-02
2.412000000000000000e+04 5.562083125114440918e-01 1.000000000000000021e-02
2.416000000000000000e+04 5.621679425239562988e-01 1.000000000000000021e-02
2.420000000000000000e+04 5.695570111274719238e-01 1.000000000000000021e-02
2.424000000000000000e+04 5.784935355186462402e-01 1.000000000000000021e-02
2.428000000000000000e+04 5.890447497367858887e-01 1.000000000000000021e-02
2.432000000000000000e+04 6.012104749679565430e-01 1.000000000000000021e-02
2.436000000000000000e+04 6.149101853370666504e-01 1.000000000000000021e-02
2.440000000000000000e+04 6.299741268157958984e-01 1.000000000000000021e-02
2.444000000000000000e+04 6.461430191993713379e-01 1.000000000000000021e-02
2.448000000000000000e+04 6.628539562225341797e-01 1.000000000000000021e-02
2.452000000000000000e+04 6.796531081199645996e-01 1.000000000000000021e-02
2.456000000000000000e+04 6.964781284332275391e-01 1.000000000000000021e-02
2.460000000000000000e+04 7.128845453262327991e-01 1.000000000000000021e-02
2.464000000000000000e+04 7.284530401229857288e-01 1.000000000000000021e-02
2.468000000000000000e+04 7.428227663040160023e-01 1.000000000000000021e-02
2.472000000000000000e+04 7.557185888290406384e-01 1.000000000000000021e-02
2.476000000000000000e+04 7.669670581817626953e-01 1.000000000000000021e-02
2.480000000000000000e+04 7.765002250671385609e-01 1.000000000000000021e-02
2.484000000000000000e+04 7.843473553657532849e-01 1.000000000000000021e-02
2.488000000000000000e+04 7.906174063682557263e-01 1.000000000000000021e-02
2.492000000000000000e+04 7.954759597778320312e-01 1.000000000000000021e-02
2.496000000000000000e+04 7.991212606430053711e-01 1.000000000000000021e-02
2.500000000000000000e+04 8.017619252204893909e-01 1.000000000000000021e-02
2.504000000000000000e+04 8.035992980003359154e-01 1.000000000000000021e-02
2.508000000000000000e+04 8.048153519630432129e-01 1.000000000000000021e-02
2.512000000000000000e+04 8.055660724639894799e-01 1.000000000000000021e-02
2.516000000000000000e+04 8.059785962104799584e-01 1.000000000000000021e-02
2.520000000000000000e+04 8.061526417732238770e-01 1.000000000000000021e-02
2.524000000000000000e+04 8.061632513999938965e-01 1.000000000000000021e-02
2.528000000000000000e+04 8.060650229454041638e-01 1.000000000000000021e-02
2.532000000000000000e+04 8.058962821960449219e-01 1.000000000000000021e-02
2.536000000000000000e+04 8.056830167770385742e-01 1.000000000000000021e-02
2.540000000000000000e+04 8.054424524307252087e-01 1.000000000000000021e-02
2.544000000000000000e+04 8.051855564117431641e-01 1.000000000000000021e-02
2.548000000000000000e+04 8.049318790435789905e-01 1.000000000000000021e-02
2.552000000000000000e+04 8.046538829803465687e-01 1.000000000000000021e-02
2.556000000000000000e+04 8.043758273124694824e-01 1.000000000000000021e-02
2.560000000000000000e+04 8.040977120399473987e-01 1.000000000000000021e-02
2.564000000000000000e+04 8.038195967674255371e-01 1.000000000000000021e-02
2.568000000000000000e+04 8.035414218902589001e-01 1.000000000000000021e-02
2.572000000000000000e+04 8.032631874084471546e-01 1.000000000000000021e-02
2.576000000000000000e+04 8.029848337173460804e-01 1.000000000000000021e-02
2.580000000000000000e+04 8.027065396308900036e-01 1.000000000000000021e-02
2.584000000000000000e+04 8.024281263351441540e-01 1.000000000000000021e-02
2.588000000000000000e+04 8.021497130393981934e-01 1.000000000000000021e-02
2.592000000000000000e+04 8.018712401390074573e-01 1.000000000000000021e-02
2.596000000000000000e+04 8.015927076339721680e-01 1.000000000000000021e-02
2.600000000000000000e+04 8.013141155242919922e-01 1.000000000000000021e-02
2.604000000000000000e+04 8.010355234146117054e-01 1.000000000000000021e-02
2.608000000000000000e+04 8.007568717002868652e-01 1.000000000000000021e-02
2.612000000000000000e+04 8.004781603813170276e-01 1.000000000000000021e-02
2.616000000000000000e+04 8.001994490623476342e-01 1.000000000000000021e-02
2.620000000000000000e+04 7.999206185340880237e-01 1.000000000000000021e-02
2.624000000000000000e+04 7.996418476104735218e-01 1.000000000000000021e-02
2.628000000000000000e+04 7.993629574775695801e-01 1.000000000000000021e-02
2.632000000000000000e+04 7.990840673446655273e-01 1.000000000000000021e-02
2.636000000000000000e+04 7.988051176071166992e-01 1.000000000000000021e-02
2.640000000000000000e+04 7.985261082649230957e-01 1.000000000000000021e-02
2.644000000000000000e+04 7.982470989227293812e-01 1.000000000000000021e-02
2.648000000000000000e+04 7.979680299758912243e-01 1.000000000000000021e-02
2.652000000000000000e+04 7.976889610290526234e-01 1.000000000000000021e-02
2.656000000000000000e+04 7.974097728729248047e-01 1.000000000000000021e-02
2.660000000000000000e+04 7.971305847167967640e-01 1.000000000000000021e-02
2.664000000000000000e+04 7.968513965606688343e-01 1.000000000000000021e-02
2.668000000000000000e+04 7.965721487998963513e-01 1.000000000000000021e-02
2.672000000000000000e+04 7.962928414344788708e-01 1.000000000000000021e-02
2.676000000000000000e+04 7.960135340690612793e-01 1.000000000000000021e-02
2.680000000000000000e+04 7.957341670989988014e-01 1.000000000000000021e-02
2.684000000000000000e+04 7.954548001289369896e-01 1.000000000000000021e-02
2.688000000000000000e+04 7.951753735542298474e-01 1.000000000000000021e-02
2.692000000000000000e+04 7.948958873748779297e-01 1.000000000000000021e-02
2.696000000000000000e+04 7.946164011955262341e-01 1.000000000000000021e-02
2.700000000000000000e+04 7.943368554115297631e-01 1.000000000000000021e-02
2.704000000000000000e+04 7.940573096275330700e-01 1.000000000000000021e-02
2.708000000000000000e+04 7.937777042388914905e-01 1.000000000000000021e-02
2.712000000000000000e+04 7.934980988502501331e-01 1.000000000000000021e-02
2.716000000000000000e+04 7.932184338569638893e-01 1.000000000000000021e-02
2.720000000000000000e+04 7.929387688636780895e-01 1.000000000000000021e-02
2.724000000000000000e+04 7.926590442657470703e-01 1.000000000000000021e-02
2.728000000000000000e+04 7.923792600631714977e-01 1.000000000000000021e-02
2.732000000000000000e+04 7.920994758605959252e-01 1.000000000000000021e-02
2.736000000000000000e+04 7.918196916580200195e-01 1.000000000000000021e-02
2.740000000000000000e+04 7.915398478507995605e-01 1.000000000000000021e-02
2.744000000000000000e+04 7.912599444389343262e-01 1.000000000000000021e-02
2.748000000000000000e+04 7.909801006317138672e-01 1.000000000000000021e-02
2.752000000000000000e+04 7.907001972198485218e-01 1.000000000000000021e-02
2.756000000000000000e+04 7.904202342033385120e-01 1.000000000000000021e-02
2.760000000000000000e+04 7.901402115821837269e-01 1.000000000000000021e-02
2.764000000000000000e+04 7.898601889610289417e-01 1.000000000000000021e-02
2.768000000000000000e+04 7.895801663398741566e-01 1.000000000000000021e-02
2.772000000000000000e+04 7.893001437187195934e-01 1.000000000000000021e-02
2.776000000000000000e+04 7.890200614929200329e-01 1.000000000000000021e-02
2.780000000000000000e+04 7.887399196624755859e-01 1.000000000000000021e-02
2.784000000000000000e+04 7.884598374366760254e-01 1.000000000000000021e-02
2.788000000000000000e+04 7.881796360015869141e-01 1.000000000000000021e-02
2.792000000000000000e+04 7.878994941711426891e-01 1.000000000000000021e-02
2.796000000000000000e+04 7.876192331314085804e-01 1.000000000000000021e-02
2.800000000000000000e+04 7.873390316963198021e-01 1.000000000000000021e-02
