2550	0.720043	0.933949	0.929981	0.00396848
2650	0.74828	0.933452	0.929267	0.00418496
2750	0.776517	0.9333	0.928704	0.00459605
2850	0.804754	0.933552	0.929087	0.00446552
2950	0.832991	0.933011	0.929229	0.00378203
3050	0.861228	0.932134	0.928759	0.00337541
3150	0.889465	0.932375	0.928361	0.00401413
3250	0.917702	0.932303	0.927849	0.00445396
3350	0.945939	0.932667	0.928706	0.00396085
3450	0.974176	0.932025	0.928611	0.00341427
3550	1.00241	0.931785	0.928981	0.00280368
3650	1.03065	0.930925	0.927905	0.00301939
3750	1.05889	0.93061	0.928444	0.00216556
3850	1.08712	0.928416	0.927243	0.00117308
3950	1.11536	0.927919	0.925443	0.00247651
4050	1.1436	0.930783	0.928997	0.00178629
4150	1.17183	0.930202	0.92901	0.0011915
4250	1.20007	0.929513	0.92861	0.000903904
4350	1.22831	0.929313	0.928472	0.000840545
4450	1.25655	0.928673	0.927844	0.000828981
4550	1.28478	0.928994	0.927525	0.00146955
4650	1.31302	0.928183	0.927605	0.000577867
4750	1.34126	0.926269	0.926076	0.000193238
4850	1.36949	0.929046	0.929695	-0.000648201
4950	1.39773	0.927246	0.928854	-0.00160819
5050	1.42597	0.92517	0.927138	-0.00196803
5150	1.4542	0.923332	0.926305	-0.0029732
5250	1.48244	0.921927	0.924465	-0.00253814
5350	1.51068	0.92056	0.922432	-0.00187105
5450	1.53892	0.92845	0.928505	-5.45979e-05
5550	1.56715	0.930108	0.932404	-0.00229615
5650	1.59539	0.928677	0.931134	-0.00245667
5750	1.62363	0.926972	0.929251	-0.00227964
5850	1.65186	0.925782	0.927877	-0.00209558
5950	1.6801	0.924952	0.92813	-0.00317818
6050	1.70834	0.92328	0.926311	-0.00303131
6150	1.73657	0.921784	0.924165	-0.00238097
6250	1.76481	0.920161	0.921879	-0.00171816
6350	1.79305	0.91916	0.919502	-0.000341535
6450	1.82128	0.921752	0.924825	-0.0030731
6550	1.84952	0.919981	0.926676	-0.00669557
6650	1.87776	0.917072	0.924471	-0.00739902
6750	1.906	0.91381	0.921698	-0.0078876
6850	1.93423	0.910026	0.918561	-0.00853467
6950	1.96247	0.905444	0.914918	-0.00947404
7050	1.99071	0.900191	0.910401	-0.01021
7150	2.01894	0.896648	0.905588	-0.00893992
7250	2.04718	0.908254	0.917487	-0.00923234
7350	2.07542	0.907394	0.918074	-0.0106797
7450	2.10365	0.906807	0.916897	-0.0100895
7550	2.13189	0.90639	0.915783	-0.00939292
7650	2.16013	0.90607	0.914893	-0.00882256
7750	2.18837	0.906217	0.91424	-0.00802284
7850	2.2166	0.905924	0.913808	-0.00788456
7950	2.24484	0.906132	0.913573	-0.00744063
8050	2.27308	0.90608	0.913501	-0.00742179
8150	2.30131	0.906093	0.913561	-0.00746775
8250	2.32955	0.908219	0.91463	-0.00641108
8350	2.35779	0.924517	0.932136	-0.00761896
8450	2.38602	0.926039	0.934985	-0.00894541
8550	2.41426	0.926273	0.934796	-0.00852352
8650	2.4425	0.92641	0.934386	-0.00797611
8750	2.47074	0.926566	0.933982	-0.00741577
8850	2.49897	0.926981	0.933608	-0.00662684
8950	2.52721	0.927271	0.933259	-0.005988
9050	2.55545	0.927707	0.932934	-0.00522709
9150	2.58368	0.928089	0.932628	-0.00453871
9250	2.61192	0.928312	0.932339	-0.00402766
9350	2.64016	0.928713	0.932065	-0.00335187
9450	2.66839	0.929087	0.931801	-0.00271386
9550	2.69663	0.929352	0.931547	-0.00219464
9650	2.72487	0.929642	0.931299	-0.00165683
9750	2.7531	0.930076	0.931056	-0.000979722
9850	2.78134	0.930144	0.930815	-0.000670075
9950	2.80958	0.930282	0.930573	-0.00029099
10050	2.83782	0.930562	0.930333	0.000229359
10150	2.86605	0.932805	0.932684	0.00012064
10250	2.89429	0.934834	0.936925	-0.00209063
10350	2.92253	0.934714	0.936988	-0.00227398
10450	2.95076	0.934187	0.936641	-0.00245386
10550	2.979	0.933584	0.936253	-0.00266898
10650	3.00724	0.933416	0.935853	-0.00243741
10750	3.03547	0.933015	0.935443	-0.00242746
10850	3.06371	0.932666	0.935019	-0.00235301
10950	3.09195	0.931996	0.934581	-0.00258446
11050	3.12019	0.931353	0.934126	-0.00277299
11150	3.14842	0.930857	0.933651	-0.00279385
11250	3.17666	0.930373	0.933154	-0.00278109
11350	3.2049	0.929712	0.932632	-0.00292021
11450	3.23313	0.929153	0.932083	-0.00292999
11550	3.26137	0.928544	0.931502	-0.002958
11650	3.28961	0.927865	0.930887	-0.0030216
11750	3.31784	0.926834	0.930232	-0.00339836
11850	3.34608	0.92636	0.929535	-0.00317442
11950	3.37432	0.925338	0.928789	-0.00345081
12050	3.40256	0.924473	0.927989	-0.00351554
12150	3.43079	0.923511	0.927127	-0.00361663
12250	3.45903	0.922681	0.926198	-0.00351679
12350	3.48727	0.921465	0.92519	-0.00372553
12450	3.5155	0.920323	0.924095	-0.00377202
12550	3.54374	0.918957	0.922899	-0.00394285
12650	3.57198	0.917394	0.921589	-0.00419575
12750	3.60021	0.916016	0.920147	-0.00413114
12850	3.62845	0.914359	0.918553	-0.00419343
12950	3.65669	0.912231	0.91678	-0.00454932
13050	3.68493	0.9103	0.9148	-0.00449967
13150	3.71316	0.907507	0.912572	-0.00506544
13250	3.7414	0.904811	0.910051	-0.00524038
13350	3.76964	0.90206	0.907176	-0.00511622
13450	3.79787	0.898184	0.903872	-0.00568765
13550	3.82611	0.894139	0.900038	-0.00589836
13650	3.85435	0.888851	0.895545	-0.00669408
13750	3.88258	0.882637	0.890217	-0.0075804
13850	3.91082	0.875257	0.883818	-0.00856072
13950	3.93906	0.866065	0.876013	-0.00994837
14050	3.96729	0.854307	0.866324	-0.0120165
14150	3.99553	0.839852	0.854044	-0.0141919
14250	4.02377	0.82315	0.838122	-0.014972
14350	4.05201	0.850593	0.863276	-0.0126835
14450	4.08024	0.937599	0.951033	-0.0134338
14550	4.10848	0.952088	0.959403	-0.00731534
14650	4.13672	0.954464	0.959849	-0.00538492
14750	4.16495	0.955424	0.959633	-0.00420839
14850	4.19319	0.955812	0.95936	-0.00354826
14950	4.22143	0.955866	0.959083	-0.00321692
15050	4.24966	0.955888	0.958804	-0.00291628
15150	4.2779	0.955867	0.958525	-0.00265884
15250	4.30614	0.955719	0.958246	-0.00252676
15350	4.33438	0.955584	0.957966	-0.00238168
15450	4.36261	0.955197	0.957685	-0.00248832
15550	4.39085	0.954987	0.957404	-0.00241697
15650	4.41909	0.95488	0.957122	-0.00224274
15750	4.44732	0.954976	0.95684	-0.00186461
15850	4.47556	0.954566	0.956558	-0.00199127
15950	4.5038	0.954216	0.956274	-0.0020588
16050	4.53203	0.95398	0.955991	-0.00201029
16150	4.56027	0.953888	0.955706	-0.00181812
16250	4.58851	0.953599	0.955422	-0.00182301
16350	4.61674	0.953277	0.955137	-0.00185961
16450	4.64498	0.953165	0.954851	-0.00168651
16550	4.67322	0.952941	0.954565	-0.00162429
16650	4.70146	0.952553	0.954278	-0.00172561
16750	4.72969	0.952613	0.953991	-0.00137848
16850	4.75793	0.952239	0.953704	-0.00146455
16950	4.78617	0.952049	0.953416	-0.00136644
17050	4.8144	0.951833	0.953127	-0.00129455
17150	4.84264	0.951582	0.952839	-0.00125611
17250	4.87088	0.9513	0.952549	-0.00124913
17350	4.89911	0.951105	0.952259	-0.0011546
17450	4.92735	0.950686	0.951969	-0.00128359
17550	4.95559	0.950565	0.951679	-0.0011133
17650	4.98383	0.950236	0.951388	-0.0011512
17750	5.01206	0.949814	0.951096	-0.00128204
17850	5.0403	0.949639	0.950804	-0.00116551
17950	5.06854	0.949544	0.950512	-0.000968039
