optimization results for 373 data: n, opt_indx_x, opt_indx_y, 1/n, 1/(opt_idnx_x*opt_indx_y) 
1.160562e+04 8 17 8.616516e-05 7.352941e-03
1.908130e+04 8 12 5.240733e-05 1.041667e-02
3.051409e+04 7 12 3.277174e-05 1.190476e-02
4.238643e+04 5 12 2.359246e-05 1.666667e-02
5.423955e+04 5 12 1.843673e-05 1.666667e-02
6.601924e+04 5 10 1.514710e-05 2.000000e-02
7.106722e+04 5 10 1.407118e-05 2.000000e-02
8.149600e+04 5 10 1.227054e-05 2.000000e-02
8.912756e+04 5 10 1.121987e-05 2.000000e-02
1.000606e+05 5 8 9.993944e-06 2.500000e-02
1.109421e+05 5 8 9.013708e-06 2.500000e-02
1.196389e+05 5 8 8.358488e-06 2.500000e-02
1.303031e+05 5 8 7.674414e-06 2.500000e-02
1.381321e+05 5 8 7.239448e-06 2.500000e-02
1.487571e+05 5 6 6.722370e-06 3.333333e-02
1.504811e+05 5 6 6.645352e-06 3.333333e-02
extraporation results for 373 data: m, opt_indx_x, opt_indx_y, 1/m, 1/(opt_idnx_x*opt_indx_y) 
For n = 1.160562e+04 
1.160562e+04 8 17 8.616516e-05 7.352941e-03
1.908130e+04 6 15 5.240733e-05 1.111111e-02
3.051409e+04 6 15 3.277174e-05 1.111111e-02
4.238643e+04 6 15 2.359246e-05 1.111111e-02
5.423955e+04 6 12 1.843673e-05 1.388889e-02
6.601924e+04 6 12 1.514710e-05 1.388889e-02
7.106722e+04 6 12 1.407118e-05 1.388889e-02
8.149600e+04 6 12 1.227054e-05 1.388889e-02
8.912756e+04 6 12 1.121987e-05 1.388889e-02
1.000606e+05 6 12 9.993944e-06 1.388889e-02
1.109421e+05 6 12 9.013708e-06 1.388889e-02
1.196389e+05 6 12 8.358488e-06 1.388889e-02
1.303031e+05 6 12 7.674414e-06 1.388889e-02
1.381321e+05 6 12 7.239448e-06 1.388889e-02
1.487571e+05 6 12 6.722370e-06 1.388889e-02
1.504811e+05 6 12 6.645352e-06 1.388889e-02
For n = 1.908130e+04 
1.160562e+04 8 21 8.616516e-05 5.952381e-03
1.908130e+04 8 12 5.240733e-05 1.041667e-02
3.051409e+04 8 12 3.277174e-05 1.041667e-02
4.238643e+04 6 12 2.359246e-05 1.388889e-02
5.423955e+04 6 12 1.843673e-05 1.388889e-02
6.601924e+04 6 12 1.514710e-05 1.388889e-02
7.106722e+04 6 12 1.407118e-05 1.388889e-02
8.149600e+04 6 12 1.227054e-05 1.388889e-02
8.912756e+04 6 12 1.121987e-05 1.388889e-02
1.000606e+05 6 12 9.993944e-06 1.388889e-02
1.109421e+05 6 12 9.013708e-06 1.388889e-02
1.196389e+05 6 12 8.358488e-06 1.388889e-02
1.303031e+05 6 12 7.674414e-06 1.388889e-02
1.381321e+05 6 12 7.239448e-06 1.388889e-02
1.487571e+05 6 12 6.722370e-06 1.388889e-02
1.504811e+05 6 12 6.645352e-06 1.388889e-02
For n = 3.051409e+04 
1.160562e+04 7 21 8.616516e-05 6.802721e-03
1.908130e+04 8 12 5.240733e-05 1.041667e-02
3.051409e+04 7 12 3.277174e-05 1.190476e-02
4.238643e+04 7 12 2.359246e-05 1.190476e-02
5.423955e+04 7 12 1.843673e-05 1.190476e-02
6.601924e+04 6 12 1.514710e-05 1.388889e-02
7.106722e+04 6 12 1.407118e-05 1.388889e-02
8.149600e+04 6 12 1.227054e-05 1.388889e-02
8.912756e+04 6 12 1.121987e-05 1.388889e-02
1.000606e+05 5 12 9.993944e-06 1.666667e-02
1.109421e+05 5 12 9.013708e-06 1.666667e-02
1.196389e+05 5 12 8.358488e-06 1.666667e-02
1.303031e+05 5 12 7.674414e-06 1.666667e-02
1.381321e+05 5 12 7.239448e-06 1.666667e-02
1.487571e+05 5 12 6.722370e-06 1.666667e-02
1.504811e+05 5 12 6.645352e-06 1.666667e-02
For n = 4.238643e+04 
1.160562e+04 7 21 8.616516e-05 6.802721e-03
1.908130e+04 7 12 5.240733e-05 1.190476e-02
3.051409e+04 7 12 3.277174e-05 1.190476e-02
4.238643e+04 5 12 2.359246e-05 1.666667e-02
5.423955e+04 5 12 1.843673e-05 1.666667e-02
6.601924e+04 5 12 1.514710e-05 1.666667e-02
7.106722e+04 5 12 1.407118e-05 1.666667e-02
8.149600e+04 5 12 1.227054e-05 1.666667e-02
8.912756e+04 5 12 1.121987e-05 1.666667e-02
1.000606e+05 5 12 9.993944e-06 1.666667e-02
1.109421e+05 5 12 9.013708e-06 1.666667e-02
1.196389e+05 5 12 8.358488e-06 1.666667e-02
1.303031e+05 5 9 7.674414e-06 2.222222e-02
1.381321e+05 5 9 7.239448e-06 2.222222e-02
1.487571e+05 5 9 6.722370e-06 2.222222e-02
1.504811e+05 5 9 6.645352e-06 2.222222e-02
For n = 5.423955e+04 
1.160562e+04 7 15 8.616516e-05 9.523810e-03
1.908130e+04 7 12 5.240733e-05 1.190476e-02
3.051409e+04 7 12 3.277174e-05 1.190476e-02
4.238643e+04 5 12 2.359246e-05 1.666667e-02
5.423955e+04 5 12 1.843673e-05 1.666667e-02
6.601924e+04 5 12 1.514710e-05 1.666667e-02
7.106722e+04 5 12 1.407118e-05 1.666667e-02
8.149600e+04 5 12 1.227054e-05 1.666667e-02
8.912756e+04 5 12 1.121987e-05 1.666667e-02
1.000606e+05 5 9 9.993944e-06 2.222222e-02
1.109421e+05 5 9 9.013708e-06 2.222222e-02
1.196389e+05 5 9 8.358488e-06 2.222222e-02
1.303031e+05 5 9 7.674414e-06 2.222222e-02
1.381321e+05 5 9 7.239448e-06 2.222222e-02
1.487571e+05 5 9 6.722370e-06 2.222222e-02
1.504811e+05 5 9 6.645352e-06 2.222222e-02
For n = 6.601924e+04 
1.160562e+04 7 15 8.616516e-05 9.523810e-03
1.908130e+04 7 12 5.240733e-05 1.190476e-02
3.051409e+04 7 12 3.277174e-05 1.190476e-02
4.238643e+04 5 12 2.359246e-05 1.666667e-02
5.423955e+04 5 12 1.843673e-05 1.666667e-02
6.601924e+04 5 10 1.514710e-05 2.000000e-02
7.106722e+04 5 10 1.407118e-05 2.000000e-02
8.149600e+04 5 10 1.227054e-05 2.000000e-02
8.912756e+04 5 10 1.121987e-05 2.000000e-02
1.000606e+05 5 10 9.993944e-06 2.000000e-02
1.109421e+05 5 10 9.013708e-06 2.000000e-02
1.196389e+05 5 8 8.358488e-06 2.500000e-02
1.303031e+05 5 8 7.674414e-06 2.500000e-02
1.381321e+05 5 8 7.239448e-06 2.500000e-02
1.487571e+05 5 8 6.722370e-06 2.500000e-02
1.504811e+05 5 8 6.645352e-06 2.500000e-02
For n = 7.106722e+04 
1.160562e+04 7 15 8.616516e-05 9.523810e-03
1.908130e+04 7 12 5.240733e-05 1.190476e-02
3.051409e+04 7 10 3.277174e-05 1.428571e-02
4.238643e+04 7 10 2.359246e-05 1.428571e-02
5.423955e+04 5 10 1.843673e-05 2.000000e-02
6.601924e+04 5 10 1.514710e-05 2.000000e-02
7.106722e+04 5 10 1.407118e-05 2.000000e-02
8.149600e+04 5 10 1.227054e-05 2.000000e-02
8.912756e+04 5 10 1.121987e-05 2.000000e-02
1.000606e+05 5 10 9.993944e-06 2.000000e-02
1.109421e+05 5 10 9.013708e-06 2.000000e-02
1.196389e+05 5 10 8.358488e-06 2.000000e-02
1.303031e+05 5 10 7.674414e-06 2.000000e-02
1.381321e+05 5 10 7.239448e-06 2.000000e-02
1.487571e+05 5 10 6.722370e-06 2.000000e-02
1.504811e+05 5 10 6.645352e-06 2.000000e-02
For n = 8.149600e+04 
1.160562e+04 7 15 8.616516e-05 9.523810e-03
1.908130e+04 7 12 5.240733e-05 1.190476e-02
3.051409e+04 7 10 3.277174e-05 1.428571e-02
4.238643e+04 5 10 2.359246e-05 2.000000e-02
5.423955e+04 5 10 1.843673e-05 2.000000e-02
6.601924e+04 5 10 1.514710e-05 2.000000e-02
7.106722e+04 5 10 1.407118e-05 2.000000e-02
8.149600e+04 5 10 1.227054e-05 2.000000e-02
8.912756e+04 5 10 1.121987e-05 2.000000e-02
1.000606e+05 5 10 9.993944e-06 2.000000e-02
1.109421e+05 5 8 9.013708e-06 2.500000e-02
1.196389e+05 5 8 8.358488e-06 2.500000e-02
1.303031e+05 5 8 7.674414e-06 2.500000e-02
1.381321e+05 5 8 7.239448e-06 2.500000e-02
1.487571e+05 5 8 6.722370e-06 2.500000e-02
1.504811e+05 5 8 6.645352e-06 2.500000e-02
For n = 8.912756e+04 
1.160562e+04 7 15 8.616516e-05 9.523810e-03
1.908130e+04 7 12 5.240733e-05 1.190476e-02
3.051409e+04 7 10 3.277174e-05 1.428571e-02
4.238643e+04 5 10 2.359246e-05 2.000000e-02
5.423955e+04 5 10 1.843673e-05 2.000000e-02
6.601924e+04 5 10 1.514710e-05 2.000000e-02
7.106722e+04 5 10 1.407118e-05 2.000000e-02
8.149600e+04 5 10 1.227054e-05 2.000000e-02
8.912756e+04 5 10 1.121987e-05 2.000000e-02
1.000606e+05 5 8 9.993944e-06 2.500000e-02
1.109421e+05 5 8 9.013708e-06 2.500000e-02
1.196389e+05 5 8 8.358488e-06 2.500000e-02
1.303031e+05 5 8 7.674414e-06 2.500000e-02
1.381321e+05 5 8 7.239448e-06 2.500000e-02
1.487571e+05 5 8 6.722370e-06 2.500000e-02
1.504811e+05 5 8 6.645352e-06 2.500000e-02
For n = 1.000606e+05 
1.160562e+04 7 17 8.616516e-05 8.403361e-03
1.908130e+04 7 12 5.240733e-05 1.190476e-02
3.051409e+04 7 10 3.277174e-05 1.428571e-02
4.238643e+04 7 10 2.359246e-05 1.428571e-02
5.423955e+04 5 10 1.843673e-05 2.000000e-02
6.601924e+04 5 10 1.514710e-05 2.000000e-02
7.106722e+04 5 10 1.407118e-05 2.000000e-02
8.149600e+04 5 10 1.227054e-05 2.000000e-02
8.912756e+04 5 10 1.121987e-05 2.000000e-02
1.000606e+05 5 8 9.993944e-06 2.500000e-02
1.109421e+05 5 8 9.013708e-06 2.500000e-02
1.196389e+05 5 8 8.358488e-06 2.500000e-02
1.303031e+05 5 8 7.674414e-06 2.500000e-02
1.381321e+05 5 8 7.239448e-06 2.500000e-02
1.487571e+05 5 8 6.722370e-06 2.500000e-02
1.504811e+05 5 8 6.645352e-06 2.500000e-02
For n = 1.109421e+05 
1.160562e+04 7 17 8.616516e-05 8.403361e-03
1.908130e+04 7 12 5.240733e-05 1.190476e-02
3.051409e+04 7 12 3.277174e-05 1.190476e-02
4.238643e+04 5 12 2.359246e-05 1.666667e-02
5.423955e+04 5 10 1.843673e-05 2.000000e-02
6.601924e+04 5 10 1.514710e-05 2.000000e-02
7.106722e+04 5 10 1.407118e-05 2.000000e-02
8.149600e+04 5 10 1.227054e-05 2.000000e-02
8.912756e+04 5 10 1.121987e-05 2.000000e-02
1.000606e+05 5 8 9.993944e-06 2.500000e-02
1.109421e+05 5 8 9.013708e-06 2.500000e-02
1.196389e+05 5 8 8.358488e-06 2.500000e-02
1.303031e+05 5 8 7.674414e-06 2.500000e-02
1.381321e+05 5 8 7.239448e-06 2.500000e-02
1.487571e+05 5 8 6.722370e-06 2.500000e-02
1.504811e+05 5 8 6.645352e-06 2.500000e-02
For n = 1.196389e+05 
1.160562e+04 7 17 8.616516e-05 8.403361e-03
1.908130e+04 7 12 5.240733e-05 1.190476e-02
3.051409e+04 7 12 3.277174e-05 1.190476e-02
4.238643e+04 5 12 2.359246e-05 1.666667e-02
5.423955e+04 5 12 1.843673e-05 1.666667e-02
6.601924e+04 5 10 1.514710e-05 2.000000e-02
7.106722e+04 5 10 1.407118e-05 2.000000e-02
8.149600e+04 5 10 1.227054e-05 2.000000e-02
8.912756e+04 5 10 1.121987e-05 2.000000e-02
1.000606e+05 5 8 9.993944e-06 2.500000e-02
1.109421e+05 5 8 9.013708e-06 2.500000e-02
1.196389e+05 5 8 8.358488e-06 2.500000e-02
1.303031e+05 5 8 7.674414e-06 2.500000e-02
1.381321e+05 5 8 7.239448e-06 2.500000e-02
1.487571e+05 5 8 6.722370e-06 2.500000e-02
1.504811e+05 5 8 6.645352e-06 2.500000e-02
For n = 1.303031e+05 
1.160562e+04 7 17 8.616516e-05 8.403361e-03
1.908130e+04 7 12 5.240733e-05 1.190476e-02
3.051409e+04 7 12 3.277174e-05 1.190476e-02
4.238643e+04 5 12 2.359246e-05 1.666667e-02
5.423955e+04 5 12 1.843673e-05 1.666667e-02
6.601924e+04 5 10 1.514710e-05 2.000000e-02
7.106722e+04 5 10 1.407118e-05 2.000000e-02
8.149600e+04 5 8 1.227054e-05 2.500000e-02
8.912756e+04 5 8 1.121987e-05 2.500000e-02
1.000606e+05 5 8 9.993944e-06 2.500000e-02
1.109421e+05 5 8 9.013708e-06 2.500000e-02
1.196389e+05 5 8 8.358488e-06 2.500000e-02
1.303031e+05 5 8 7.674414e-06 2.500000e-02
1.381321e+05 5 8 7.239448e-06 2.500000e-02
1.487571e+05 5 8 6.722370e-06 2.500000e-02
1.504811e+05 5 8 6.645352e-06 2.500000e-02
For n = 1.381321e+05 
1.160562e+04 7 17 8.616516e-05 8.403361e-03
1.908130e+04 7 12 5.240733e-05 1.190476e-02
3.051409e+04 7 12 3.277174e-05 1.190476e-02
4.238643e+04 5 12 2.359246e-05 1.666667e-02
5.423955e+04 5 10 1.843673e-05 2.000000e-02
6.601924e+04 5 10 1.514710e-05 2.000000e-02
7.106722e+04 5 10 1.407118e-05 2.000000e-02
8.149600e+04 5 10 1.227054e-05 2.000000e-02
8.912756e+04 5 8 1.121987e-05 2.500000e-02
1.000606e+05 5 8 9.993944e-06 2.500000e-02
1.109421e+05 5 8 9.013708e-06 2.500000e-02
1.196389e+05 5 8 8.358488e-06 2.500000e-02
1.303031e+05 5 8 7.674414e-06 2.500000e-02
1.381321e+05 5 8 7.239448e-06 2.500000e-02
1.487571e+05 5 6 6.722370e-06 3.333333e-02
1.504811e+05 5 6 6.645352e-06 3.333333e-02
For n = 1.487571e+05 
1.160562e+04 7 17 8.616516e-05 8.403361e-03
1.908130e+04 7 12 5.240733e-05 1.190476e-02
3.051409e+04 7 12 3.277174e-05 1.190476e-02
4.238643e+04 5 12 2.359246e-05 1.666667e-02
5.423955e+04 5 10 1.843673e-05 2.000000e-02
6.601924e+04 5 10 1.514710e-05 2.000000e-02
7.106722e+04 5 10 1.407118e-05 2.000000e-02
8.149600e+04 5 10 1.227054e-05 2.000000e-02
8.912756e+04 5 10 1.121987e-05 2.000000e-02
1.000606e+05 5 8 9.993944e-06 2.500000e-02
1.109421e+05 5 8 9.013708e-06 2.500000e-02
1.196389e+05 5 8 8.358488e-06 2.500000e-02
1.303031e+05 5 8 7.674414e-06 2.500000e-02
1.381321e+05 5 6 7.239448e-06 3.333333e-02
1.487571e+05 5 6 6.722370e-06 3.333333e-02
1.504811e+05 5 6 6.645352e-06 3.333333e-02
For n = 1.504811e+05 
1.160562e+04 7 17 8.616516e-05 8.403361e-03
1.908130e+04 7 12 5.240733e-05 1.190476e-02
3.051409e+04 7 12 3.277174e-05 1.190476e-02
4.238643e+04 5 12 2.359246e-05 1.666667e-02
5.423955e+04 5 10 1.843673e-05 2.000000e-02
6.601924e+04 5 10 1.514710e-05 2.000000e-02
7.106722e+04 5 10 1.407118e-05 2.000000e-02
8.149600e+04 5 10 1.227054e-05 2.000000e-02
8.912756e+04 5 10 1.121987e-05 2.000000e-02
1.000606e+05 5 8 9.993944e-06 2.500000e-02
1.109421e+05 5 8 9.013708e-06 2.500000e-02
1.196389e+05 5 8 8.358488e-06 2.500000e-02
1.303031e+05 5 8 7.674414e-06 2.500000e-02
1.381321e+05 5 6 7.239448e-06 3.333333e-02
1.487571e+05 5 6 6.722370e-06 3.333333e-02
1.504811e+05 5 6 6.645352e-06 3.333333e-02
