0.000000000000000000e+00 1.000000000000000000e+00 1.386138613861386260e-01 9.443881614674929380e+08
3.816800239434321620e-04 2.178217821782178210e-01 3.366336633663366551e-01 3.939442595770381093e+08
4.961840311264618594e-04 1.089108910891089105e-01 4.158415841584158223e-01 3.789207762565128803e+08
6.450392404644003739e-04 1.584158415841584178e-01 3.762376237623762387e-01 3.591025768807814121e+08
8.385510126037205728e-04 1.188118811881188064e-01 3.564356435643564192e-01 3.385366460185726881e+08
1.090116316384836864e-03 9.900990099009901457e-02 3.168316831683168355e-01 3.220545968822193742e+08
1.417151211300287771e-03 1.089108910891089105e-01 4.356435643564356419e-01 3.084995679951905608e+08
1.842296574690374276e-03 1.881188118811881194e-01 5.544554455445545038e-01 3.007917259987210035e+08
2.394985547097486754e-03 2.178217821782178210e-01 5.346534653465346842e-01 2.925956038935253620e+08
3.113481211226732694e-03 2.475247524752475226e-01 3.366336633663366551e-01 2.876428569816068411e+08
4.047525574594752588e-03 1.188118811881188064e-01 2.574257425742574323e-01 2.837879829340291023e+08
5.261783246973178799e-03 7.920792079207920888e-02 2.574257425742574323e-01 2.772404092152075768e+08
6.840318221065132091e-03 8.910891089108910479e-02 3.168316831683168355e-01 2.667409359042441547e+08
8.892413687384671805e-03 1.881188118811881194e-01 3.168316831683168355e-01 2.640218829170352817e+08
1.156013779360007439e-02 2.376237623762376128e-01 3.366336633663366551e-01 2.590801740510645807e+08
1.502817913168009827e-02 1.485148514851485080e-01 1.782178217821782096e-01 2.482318607805956304e+08
1.953663287118412653e-02 3.960396039603960444e-02 9.900990099009901457e-02 2.388426260228841305e+08
2.539762273253936761e-02 2.970297029702970160e-02 5.940594059405940319e-02 2.304131965548126996e+08
3.301690955230118102e-02 1.980198019801980222e-02 3.960396039603960444e-02 2.175848414685589969e+08
4.292198241799153463e-02 4.950495049504950729e-02 5.940594059405940319e-02 1.384300076918967366e+08
5.579857714338899710e-02 4.950495049504950729e-02 1.980198019801980222e-02 1.341544212918108106e+08
7.253815028640570040e-02 3.960396039603960444e-02 3.366336633663366551e-01 1.145266989305359423e+08
9.429959537232740496e-02 2.970297029702970160e-02 3.564356435643564192e-01 9.824614452428747714e+07
1.225894739840256292e-01 3.960396039603960444e-02 5.544554455445545038e-01 9.140847896385961771e+07
1.593663161792333305e-01 1.980198019801980222e-02 5.346534653465346842e-01 8.975648849711388350e+07
2.071762110330033213e-01 1.980198019801980222e-02 4.752475247524752255e-01 7.239955442406912148e+07
2.693290743429043177e-01 9.900990099009901110e-03 4.752475247524752255e-01 6.802198632344608009e+07
3.501277966457756463e-01 0.000000000000000000e+00 5.940594059405940319e-01 6.620904944306090474e+07
4.551661356395083624e-01 0.000000000000000000e+00 5.742574257425742124e-01 5.535846726287037134e+07
5.917159763313608600e-01 0.000000000000000000e+00 6.336633663366336711e-01 5.398039913041718304e+07
7.692307692307691624e-01 9.900990099009901110e-03 7.524752475247524774e-01 4.114550578300853819e+07
1.000000000000000000e+00 9.900990099009901110e-03 0.000000000000000000e+00 3.367461149921610206e+07
