/home/kazu/bsi3n4_m/phono3py_113_fc2_338_sym_monk_shift/noiso/gpjob_m8820_nu/kappa-m8820.hdf5
/home/kazu/gamma-si3n4-unit/phono3py_111_fc2_222_sym_monk_k-shift/noiso/gpjob_m121212_nu/kappa-m121212.hdf5
[  4.10840737e-45   3.14998840e-37   2.77153808e-30   2.76288184e-24
   3.12483419e-19   4.04171115e-15   6.09629895e-12   1.13790242e-09
   3.25839593e-08   2.58647412e-07   1.06922154e-06   2.85276469e-06
   4.28119851e-06   4.89289506e-06   4.58192730e-06   5.18025742e-06
   6.55964471e-06   6.14224055e-06   6.80920203e-06   6.10877621e-06
   6.31407333e-06   5.50758038e-06   5.81628422e-06   5.22929746e-06
   9.31086763e-06   1.21542251e-05   1.25194813e-05   1.36516579e-05
   1.67907331e-05   1.80841030e-05   1.32631209e-05   1.19262230e-05
   9.30091498e-06   1.37538400e-05   1.99679260e-05   8.95841211e-06
   8.31935736e-06   1.81264524e-05   1.68359681e-05   7.62507014e-06
   3.19656301e-06   1.30466598e-05   1.42482401e-05   2.91983986e-06
   9.09052825e-08   7.38426433e-10   1.11740722e-07   3.85654235e-06
   1.72085281e-05   1.65737350e-05]
[  2.39474726e-42   9.91787548e-35   4.80997118e-28   2.65736886e-22
   1.66995463e-17   1.20447934e-13   1.02314372e-10   1.11511432e-08
   2.12290677e-07   1.38160771e-06   4.93336666e-06   1.05140601e-05
   1.32205820e-05   1.36724720e-05   1.22609554e-05   1.46489827e-05
   1.66649277e-05   1.53242895e-05   1.60983736e-05   1.43154682e-05
   1.37497630e-05   1.22888146e-05   1.16303796e-05   1.23654457e-05
   2.14103209e-05   2.45755391e-05   2.42994730e-05   2.68838521e-05
   3.10964125e-05   2.96112022e-05   2.16919551e-05   1.89656691e-05
   1.51165707e-05   2.46133486e-05   2.66459406e-05   1.03181646e-05
   1.57051141e-05   2.68481472e-05   2.04529250e-05   6.86008218e-06
   6.62567447e-06   2.10636275e-05   1.45874240e-05   1.79556268e-06
   3.22041803e-08   2.56601622e-09   4.15409430e-07   8.10434584e-06
   2.21426422e-05   1.67946360e-05]
[  1.09102079e-39   2.38533151e-32   6.33973861e-26   1.93878301e-20
   6.77075177e-16   2.72717046e-12   1.31214086e-09   8.55212663e-08
   1.15591830e-06   6.35089018e-06   1.91385902e-05   3.21274840e-05
   3.50147836e-05   3.28821522e-05   2.94375270e-05   3.60536145e-05
   3.61751376e-05   3.42066428e-05   3.25294546e-05   2.98196895e-05
   2.57544182e-05   2.41773618e-05   2.02128798e-05   2.69787754e-05
   4.16096272e-05   4.30622323e-05   4.15863259e-05   4.60899153e-05
   4.95901214e-05   4.14096069e-05   3.23438727e-05   2.59708744e-05
   2.23726345e-05   3.69738913e-05   2.88511703e-05   1.21496309e-05
   2.50456188e-05   3.29290269e-05   2.07121722e-05   5.46125154e-06
   1.24705701e-05   2.66591267e-05   1.15380721e-05   8.43482418e-07
   8.67443738e-09   1.26166741e-08   1.17039280e-06   1.30591176e-05
   2.29837629e-05   1.44773824e-05]
[  3.97969781e-37   4.41932477e-30   6.36446742e-24   1.07456987e-18
   2.08526651e-14   4.69974430e-11   1.29198218e-08   5.21782033e-07
   5.36659305e-06   2.50290299e-05   6.19064910e-05   8.22282289e-05
   7.96137042e-05   6.85012339e-05   6.36216788e-05   7.62954081e-05
   6.81973136e-05   6.68080455e-05   5.74577590e-05   5.37611158e-05
   4.26383973e-05   4.07051042e-05   3.23880427e-05   5.16157100e-05
   6.85516613e-05   6.57127163e-05   6.32027107e-05   6.81180263e-05
   6.79884823e-05   5.07341745e-05   4.24784215e-05   3.10754905e-05
   3.00653002e-05   4.56019739e-05   2.60394315e-05   1.51807066e-05
   3.28936794e-05   3.38145122e-05   1.71616167e-05   4.97039050e-06
   1.90429367e-05   2.63497426e-05   7.02743420e-06   3.02157484e-07
   1.87211471e-09   4.82037011e-08   2.50335383e-06   1.62646727e-05
   1.97166691e-05   1.04052577e-05]
[  1.19924440e-34   6.40119340e-28   4.89140477e-22   4.53505825e-17
   4.88724453e-13   6.18057880e-10   9.83974880e-08   2.59006432e-06
   2.14994221e-05   8.41295989e-05   1.66239875e-04   1.78152776e-04
   1.55480101e-04   1.24846320e-04   1.22981176e-04   1.37517546e-04
   1.14090281e-04   1.11733251e-04   9.07425377e-05   8.22948472e-05
   6.36968428e-05   5.76656475e-05   5.00828724e-05   8.41920646e-05
   9.63652370e-05   8.75705852e-05   8.52577976e-05   8.65437758e-05
   7.97467911e-05   5.62449067e-05   4.78855046e-05   3.28450834e-05
   3.62090778e-05   4.56171495e-05   2.05287070e-05   1.88231944e-05
   3.54314824e-05   2.93339711e-05   1.14803806e-05   6.10888036e-06
   2.29704852e-05   2.02579907e-05   3.28681173e-06   8.24208604e-08
   8.26181223e-10   1.39475247e-07   4.07568300e-06   1.58426736e-05
   1.42784849e-05   6.07494415e-06]
[  3.06859439e-32   7.42217573e-26   2.90432909e-20   1.46310038e-15
   8.74106599e-12   6.22837779e-09   5.86547065e-07   1.07497864e-05
   7.45550539e-05   2.39775083e-04   3.70884206e-04   3.29267341e-04
   2.61250649e-04   2.01624881e-04   2.09961203e-04   2.10374723e-04
   1.71541618e-04   1.58866085e-04   1.28711230e-04   1.06944488e-04
   8.55429508e-05   6.93698927e-05   7.38220277e-05   1.16001746e-04
   1.16636685e-04   1.02405030e-04   1.00969569e-04   9.49067091e-05
   7.98477893e-05   5.71374922e-05   4.61151453e-05   3.08814592e-05
   3.81164522e-05   3.70367259e-05   1.51069395e-05   2.10162944e-05
   3.14534721e-05   2.14933171e-05   6.33275728e-06   8.03909109e-06
   2.17468219e-05   1.20684324e-05   1.17778805e-06   1.70995836e-08
   2.21078731e-09   3.05651022e-07   5.07147087e-06   1.22702587e-05
   8.80677859e-06   2.81478719e-06]
[  6.71472411e-30   7.10855011e-24   1.35358096e-18   3.63331881e-14
   1.19871467e-10   4.84337288e-08   2.78913745e-06   3.83419838e-05
   2.23277061e-04   5.76065216e-04   6.91139424e-04   5.21236970e-04
   3.78890602e-04   2.91826706e-04   3.12087229e-04   2.74853858e-04
   2.30126027e-04   1.94076740e-04   1.61025035e-04   1.20295174e-04
   1.00677779e-04   7.38442740e-05   9.84438554e-05   1.34936144e-04
   1.22596416e-04   1.06027018e-04   1.03379548e-04   9.03469544e-05
   6.88891184e-05   5.21572386e-05   3.82550026e-05   2.60726141e-05
   3.40405808e-05   2.47839411e-05   1.11178952e-05   1.98804914e-05
   2.32341145e-05   1.31343028e-05   3.28707243e-06   9.07914837e-06
   1.61034464e-05   5.55229416e-06   3.22719185e-07   2.70397362e-09
   6.49131194e-09   5.07972565e-07   4.85290311e-06   7.71792483e-06
   4.58751654e-06   1.01733510e-06]
[  1.23399669e-27   5.78880603e-22   5.07889951e-17   7.03240283e-13
   1.27139506e-09   2.94352506e-07   1.08978541e-05   1.19938867e-04
   5.74987480e-04   1.16148103e-03   1.08422175e-03   7.08089260e-04
   4.76773500e-04   3.80041322e-04   3.98460474e-04   3.11939138e-04
   2.69601405e-04   2.08282948e-04   1.73187516e-04   1.20438553e-04
   1.01026204e-04   7.38315407e-05   1.13650425e-04   1.32991138e-04
   1.12464051e-04   9.79058699e-05   9.05734268e-05   7.47145520e-05
   5.24248087e-05   4.14911945e-05   2.75463654e-05   1.99784264e-05
   2.51788006e-05   1.40809017e-05   8.37851185e-06   1.55580825e-05
   1.44497020e-05   6.56685083e-06   2.11127093e-06   8.19487829e-06
   9.29435969e-06   1.96705317e-06   6.75018008e-08   3.60600971e-10
   1.46166999e-08   6.41567042e-07   3.60393806e-06   4.03252606e-06
   1.97593177e-06   2.83494172e-07]
[  1.84810690e-25   4.04916473e-20   1.58736913e-15   1.08492923e-11
   1.06068928e-08   1.43222024e-06   3.64648998e-05   3.31735530e-04
   1.26689883e-03   1.96224734e-03   1.44254969e-03   8.27050335e-04
   5.25016299e-04   4.42810003e-04   4.32519334e-04   3.14170227e-04
   2.70667580e-04   1.99982195e-04   1.57821144e-04   1.09033184e-04
   8.54732445e-05   7.14684549e-05   1.11276730e-04   1.11885316e-04
   9.03136150e-05   8.03230807e-05   6.79406195e-05   5.33978332e-05
   3.60465217e-05   2.82853962e-05   1.72394109e-05   1.38851769e-05
   1.52545111e-05   7.07260262e-06   6.14536672e-06   1.00353243e-05
   7.62696905e-06   2.66092833e-06   1.74379820e-06   5.81732595e-06
   4.16603711e-06   5.35351192e-07   1.07621978e-08   1.46727729e-10
   2.49241624e-08   6.17751579e-07   2.10445983e-06   1.78023050e-06
   6.86695019e-07   6.04547083e-08]
[  2.19628055e-23   2.39683343e-18   4.26823152e-14   1.38395297e-10
   7.19225245e-08   5.82995300e-06   1.09285219e-04   8.08549802e-04
   2.37494926e-03   2.78358076e-03   1.63583169e-03   8.32793824e-04
   5.11818505e-04   4.55961834e-04   3.97752801e-04   2.84054271e-04
   2.31896928e-04   1.71503071e-04   1.22540309e-04   8.83417853e-05
   6.19956140e-05   6.50186922e-05   9.18815380e-05   8.11811107e-05
   6.39029804e-05   5.75912634e-05   4.40882348e-05   3.28533057e-05
   2.24588992e-05   1.65380336e-05   9.39363461e-06   8.57385385e-06
   7.60369061e-06   3.29239028e-06   4.05351150e-06   5.36673637e-06
   3.40562042e-06   9.08411784e-07   1.41275718e-06   3.23327565e-06
   1.44528470e-06   1.11701039e-07   1.30646522e-09   2.74524893e-10
   3.22056238e-08   4.55669906e-07   9.83310367e-07   6.66505062e-07
   1.88544468e-07   9.81890253e-09]
[  2.03581385e-21   1.16764087e-16   1.00050103e-12   1.53155235e-09
   4.19186062e-07   2.11955735e-05   3.01498120e-04   1.71836021e-03
   3.76686769e-03   3.33233075e-03   1.58456033e-03   7.25566223e-04
   4.46393805e-04   4.08737228e-04   3.12034484e-04   2.28738450e-04
   1.71684624e-04   1.28640621e-04   8.30120258e-05   6.23118849e-05
   4.04539313e-05   5.26616499e-05   6.40048112e-05   5.12725330e-05
   4.02850754e-05   3.53896877e-05   2.50571004e-05   1.75142915e-05
   1.24197870e-05   8.34492560e-06   4.51451887e-06   4.55604484e-06
   3.17773051e-06   1.48969435e-06   2.27647979e-06   2.40596628e-06
   1.26587012e-06   3.10607182e-07   9.50359927e-07   1.40264238e-06
   3.86927169e-07   1.78363209e-08   1.21373963e-10   4.78129205e-10
   3.15853924e-08   2.59337751e-07   3.75381556e-07   2.09166144e-07
   4.02717403e-08   1.21101081e-09]
[  1.45946935e-19   4.56643757e-15   2.01862732e-11   1.52872765e-08
   2.24592799e-06   7.29461069e-05   7.60389767e-04   3.14121629e-03
   5.03483126e-03   3.38683245e-03   1.31278790e-03   5.49973448e-04
   3.49740633e-04   3.14332526e-04   2.12569561e-04   1.60744030e-04
   1.12162337e-04   8.24452919e-05   5.04169788e-05   3.73345300e-05
   2.51485009e-05   3.65956958e-05   3.77662843e-05   2.83308022e-05
   2.27785054e-05   1.84367079e-05   1.25254904e-05   8.23461578e-06
   5.95781491e-06   3.63054563e-06   1.95909605e-06   2.02958033e-06
   1.14427467e-06   6.69586760e-07   1.06390943e-06   9.15075666e-07
   3.83872799e-07   1.37303500e-07   5.06633584e-07   4.73353100e-07
   7.97415169e-08   2.17621396e-09   1.04272355e-11   6.34472398e-10
   2.35706293e-08   1.15067306e-07   1.19458561e-07   5.38637544e-08
   6.62168236e-09   1.13206653e-10]
[  8.07417670e-18   1.41242983e-13   3.41549939e-10   1.38011793e-07
   1.14160820e-05   2.37961644e-04   1.69685472e-03   4.87188011e-03
   5.66575465e-03   2.93603185e-03   9.32878909e-04   3.65934552e-04
   2.45008007e-04   2.05068383e-04   1.28495743e-04   9.69781474e-05
   6.55038689e-05   4.47374515e-05   2.77096774e-05   1.88980512e-05
   1.51142480e-05   2.14992079e-05   1.90358015e-05   1.37489901e-05
   1.14491425e-05   8.17517171e-06   5.47185925e-06   3.46982139e-06
   2.45910500e-06   1.35044115e-06   7.79590249e-07   7.50308577e-07
   3.64970195e-07   2.89326450e-07   4.12546558e-07   2.96780550e-07
   9.45680783e-08   7.29682134e-08   2.11795752e-07   1.23847474e-07
   1.26251973e-08   2.02597181e-10   4.02053105e-12   6.37719500e-10
   1.34349367e-08   4.03713933e-08   3.20906090e-08   1.11263038e-08
   8.32438429e-10   8.01167120e-12]
[  3.45486167e-16   3.43664298e-12   4.73561662e-09   1.09092372e-06
   5.31912441e-05   6.96838693e-04   3.23120681e-03   6.33746150e-03
   5.38208082e-03   2.17583831e-03   5.72660205e-04   2.16285554e-04
   1.51707101e-04   1.13074163e-04   6.96987498e-05   5.01601326e-05
   3.39373591e-05   2.07957033e-05   1.35518531e-05   8.27655042e-06
   8.41970119e-06   1.06415118e-05   8.29122686e-06   5.91455654e-06
   4.99858447e-06   3.13922897e-06   2.07148856e-06   1.30890655e-06
   8.76707952e-07   4.27770286e-07   2.81126847e-07   2.31898872e-07
   1.06051121e-07   1.12692757e-07   1.33733903e-07   8.13632185e-08
   2.00806359e-08   3.57776635e-08   6.91827166e-08   2.50446063e-08
   1.53301229e-09   1.43777700e-11   4.89639617e-12   4.86034562e-10
   5.88219293e-09   1.14030791e-08   7.27187135e-09   1.80880972e-09
   7.96629635e-11   4.28922896e-13]
[  1.15000585e-14   6.58681905e-11   5.30580992e-08   7.24782388e-06
   2.13154530e-04   1.72451293e-03   5.11066967e-03   6.86333112e-03
   4.33935275e-03   1.38075058e-03   3.08279394e-04   1.14765195e-04
   8.17642252e-05   5.30911477e-05   3.36525184e-05   2.25548981e-05
   1.52469651e-05   8.50983592e-06   5.73011203e-06   3.30920728e-06
   4.12386575e-06   4.44145646e-06   3.15135596e-06   2.28607343e-06
   1.85145722e-06   1.06533629e-06   6.79776541e-07   4.34980499e-07
   2.70320215e-07   1.16994055e-07   8.89382862e-08   6.10619982e-08
   2.90822324e-08   3.76241079e-08   3.66959996e-08   1.84692316e-08
   4.51971837e-09   1.42856527e-08   1.76041318e-08   3.90428209e-09
   1.42545012e-10   7.86389840e-13   5.04150976e-12   2.81436042e-10
   1.99459572e-09   2.64464649e-09   1.37105157e-09   2.28224835e-10
   5.78734524e-12   1.73634897e-14]
[  3.00379257e-13   9.99819394e-10   4.77196717e-07   3.92445874e-05
   6.99091008e-04   3.46928699e-03   6.60644170e-03   6.17520706e-03
   2.98875348e-03   7.55114215e-04   1.49538154e-04   5.48377644e-05
   3.77532367e-05   2.16296202e-05   1.41865091e-05   8.98444420e-06
   5.82173674e-06   3.14208632e-06   2.05118444e-06   1.27333099e-06
   1.72245875e-06   1.57007928e-06   1.05078283e-06   7.97501004e-07
   5.75370249e-07   3.22204190e-07   1.95455996e-07   1.25637494e-07
   7.13132281e-08   2.85764706e-08   2.39831558e-08   1.39584859e-08
   7.73366760e-09   1.05308771e-08   8.61364840e-09   3.40122242e-09
   1.33326256e-09   4.49752180e-09   3.47809666e-09   4.68234372e-10
   1.01357986e-11   4.64549374e-14   3.94282216e-12   1.24185580e-10
   5.29863855e-10   5.12246890e-10   2.10665880e-10   2.21372719e-11
   3.18611022e-13   5.31334649e-16]
[  6.22236295e-12   1.21013251e-08   3.43459490e-06   1.69957304e-04
   1.82561567e-03   5.56454558e-03   6.92586252e-03   4.63343633e-03
   1.76983205e-03   3.62831558e-04   6.78271673e-05   2.34117902e-05
   1.47507010e-05   7.82068532e-06   5.14815535e-06   3.19269209e-06
   1.88339533e-06   1.04842272e-06   6.21750320e-07   4.71608022e-07
   6.07078330e-07   4.74616446e-07   3.09128880e-07   2.47071988e-07
   1.51110021e-07   8.60572761e-08   4.97955374e-08   3.15079658e-08
   1.58207659e-08   6.44993738e-09   5.45706466e-09   2.80294661e-09
   1.96343583e-09   2.46688503e-09   1.72862265e-09   5.09601838e-10
   4.42889321e-10   1.10800538e-09   5.31831492e-10   4.31278096e-11
   5.50436713e-13   1.65260510e-14   2.33659128e-12   4.19463713e-11
   1.11940173e-10   8.35461515e-11   2.58332675e-11   1.64042608e-12
   1.32776235e-14   1.22882919e-17]
[  1.03337026e-10   1.17481998e-07   1.97366010e-05   5.82305841e-04
   3.74592930e-03   7.05848174e-03   5.87972850e-03   2.92631921e-03
   9.08631519e-04   1.59372724e-04   2.95116927e-05   8.78244618e-06
   4.85691217e-06   2.53897355e-06   1.61008753e-06   9.98865699e-07
   5.25505742e-07   3.09081797e-07   1.64509852e-07   1.59897498e-07
   1.80177819e-07   1.24246454e-07   8.12866356e-08   6.59566602e-08
   3.43572626e-08   1.99814025e-08   1.12469662e-08   6.88583612e-09
   2.92464433e-09   1.34976826e-09   1.05579581e-09   5.01357361e-10
   4.51663532e-10   4.88257980e-10   2.91873926e-10   6.73938380e-11
   1.30237221e-10   2.12912337e-10   6.27586320e-11   3.04667639e-12
   2.28170251e-14   1.25222330e-14   1.05080093e-12   1.09170778e-11
   1.91442286e-11   1.14259892e-11   2.48497442e-12   9.24924805e-14
   4.18556931e-16   2.14761247e-19]
[  1.38758917e-09   9.17731728e-07   9.02991112e-05   1.56821251e-03
   6.00290415e-03   7.06620657e-03   4.05776828e-03   1.57681097e-03
   4.10931926e-04   6.75911627e-05   1.21211291e-05   2.83715271e-06
   1.35860878e-06   7.34267761e-07   4.40495078e-07   2.68723731e-07
   1.30263010e-07   7.82449982e-08   4.02466973e-08   4.72171486e-08
   4.50746161e-08   2.84561503e-08   1.94040871e-08   1.47721131e-08
   6.96006488e-09   4.00282431e-09   2.23472833e-09   1.30258586e-09
   4.56155757e-10   2.54250450e-10   1.76048358e-10   8.23901204e-11
   8.98129749e-11   8.27087663e-11   4.04485317e-11   9.91736673e-12
   3.08176280e-11   3.18134535e-11   5.70212311e-12   1.64871557e-13
   7.38163855e-16   7.61000532e-15   3.59461075e-13   2.20974153e-12
   2.69832004e-12   1.29104105e-12   1.85149576e-13   3.95779077e-15
   9.97634660e-18   2.83614820e-21]
[  1.51243382e-08   5.76781848e-06   3.27917970e-04   3.30708368e-03
   7.49485190e-03   5.59196717e-03   2.29758810e-03   7.36826090e-04
   1.68341672e-04   2.86595873e-05   4.44878270e-06   7.75387565e-07
   3.29482567e-07   1.85678512e-07   1.07110089e-07   6.11752620e-08
   2.92619072e-08   1.67254955e-08   9.53908092e-09   1.18430514e-08
   9.55196017e-09   5.73617262e-09   4.20445655e-09   2.74610621e-09
   1.27211003e-09   6.95269651e-10   3.89133122e-10   2.08844416e-10
   6.24732580e-11   4.17466171e-11   2.54447256e-11   1.28904252e-11
   1.51114627e-11   1.20676590e-11   4.51440384e-12   1.90090215e-12
   5.73088107e-12   3.68419920e-12   3.98192682e-13   6.82691563e-15
   3.27117748e-17   3.50815086e-15   9.38710613e-14   3.52210589e-13
   3.17691299e-13   1.18160725e-13   1.05924849e-14   1.28316793e-16
   1.79742197e-19   2.83002349e-23]
[  1.33657674e-07   2.90906281e-05   9.42779227e-04   5.45149688e-03
   7.28900228e-03   3.51452337e-03   1.08368443e-03   3.04315561e-04
   6.46339055e-05   1.18424715e-05   1.37461541e-06   1.77338104e-07
   7.09841468e-08   4.05546287e-08   2.31643847e-08   1.18236423e-08
   5.91624892e-09   3.03600764e-09   2.16344892e-09   2.50406708e-09
   1.73318331e-09   1.02661222e-09   8.06279702e-10   4.28082305e-10
   2.07014705e-10   1.05780258e-10   5.96057576e-11   2.76991262e-11
   7.92090014e-12   5.89909058e-12   3.17973949e-12   1.91995224e-12
   2.15137476e-12   1.50306459e-12   4.10675887e-13   3.87767382e-13
   8.32555650e-13   3.29633134e-13   2.13433129e-14   2.16070743e-16
   9.98539465e-18   1.22616882e-15   1.88127428e-14   4.48927906e-14
   3.13800047e-14   8.59308626e-15   4.62633728e-16   3.14881117e-18
   2.44744760e-21   2.13366539e-25]
[  9.53209610e-07   1.17377495e-04   2.14422213e-03   7.02890447e-03
   5.53181178e-03   1.76820822e-03   4.34979715e-04   1.13542904e-04
   2.37813470e-05   4.43512498e-06   3.42737297e-07   3.39263633e-08
   1.37596136e-08   7.67719406e-09   4.37546208e-09   1.98618651e-09
   1.04821594e-09   4.85173849e-10   4.44406898e-10   4.45702293e-10
   2.72968483e-10   1.66034866e-10   1.31903909e-10   5.76715158e-11
   2.92722155e-11   1.41868051e-11   8.02669751e-12   3.00011886e-12
   9.54151526e-13   7.19645367e-13   3.45750195e-13   2.61038700e-13
   2.62066504e-13   1.56108308e-13   3.38156361e-14   6.80581502e-14
   9.41917917e-14   2.27250260e-14   8.77178065e-16   5.22807082e-18
   4.58809088e-18   3.25534945e-16   2.91533465e-15   4.65392512e-15
   2.58308118e-15   4.88823475e-16   1.53677279e-17   5.84461601e-20
   2.51833265e-23   1.21542885e-27]
[  5.45636917e-06   3.78260673e-04   3.86743731e-03   7.11995094e-03
   3.29206465e-03   7.20820223e-04   1.52600602e-04   3.90366758e-05
   8.34385989e-06   1.40108231e-06   6.73316790e-08   5.49861105e-09
   2.38093987e-09   1.27931988e-09   7.05130403e-10   2.98841861e-10
   1.58485339e-10   7.24731841e-11   7.89573842e-11   6.68476435e-11
   3.77140948e-11   2.46596966e-11   1.78936560e-11   6.96530143e-12
   3.54269857e-12   1.68182889e-12   9.33746500e-13   2.67991252e-13
   1.06948450e-13   7.59863161e-14   3.37669896e-14   3.09959219e-14
   2.76160200e-14   1.31605761e-14   3.22708904e-15   9.53718967e-15
   8.27253880e-15   1.20461883e-15   2.76174979e-17   1.00983627e-19
   1.64453524e-18   6.58352376e-17   3.52948016e-16   3.98517975e-16
   1.74532069e-16   2.15008992e-17   3.87317128e-19   8.20220104e-22
   1.95802597e-25   5.23111819e-30]
[  2.49764090e-05   9.75220611e-04   5.57674413e-03   5.73383882e-03
   1.55305748e-03   2.42353957e-04   4.81604930e-05   1.24489382e-05
   2.70465796e-06   3.55748026e-07   1.03097427e-08   7.74573116e-10
   3.61058535e-10   1.89991976e-10   9.58478335e-11   4.08014179e-11
   2.02008635e-11   1.05305876e-11   1.18855533e-11   8.49582322e-12
   4.60523952e-12   3.33671848e-12   1.99354930e-12   7.66569129e-13
   3.67450673e-13   1.77196720e-13   9.10094555e-14   2.05767674e-14
   1.07581253e-14   6.88502105e-15   3.09715349e-15   3.14998107e-15
   2.51440669e-15   8.86874221e-16   3.94013204e-16   1.04788442e-15
   5.62141702e-16   4.90230914e-17   6.65558331e-19   3.68462111e-21
   4.46973508e-19   1.01852891e-17   3.38241433e-17   2.84696527e-17
   9.50116549e-18   7.25401652e-19   7.39501708e-21   8.70072066e-24
   1.15029718e-27   1.70105365e-32]
[  9.13941310e-05   2.02523741e-03   6.54253537e-03   3.77343212e-03
   5.94907772e-04   6.89118566e-05   1.40076641e-05   3.64434935e-06
   7.72880214e-07   7.06422789e-08   1.22829964e-09   9.76536977e-11
   4.74655920e-11   2.50017223e-11   1.10969646e-11   4.98031788e-12
   2.19418742e-12   1.45484237e-12   1.50747328e-12   9.25947842e-13
   5.03610124e-13   3.96919979e-13   1.84759346e-13   7.55201257e-14
   3.30626406e-14   1.66788477e-14   7.22242815e-15   1.45403549e-15
   9.51589546e-16   5.28977107e-16   2.70468886e-16   2.74494391e-16
   1.94138415e-16   4.88787965e-17   4.88339430e-17   8.98193531e-17
   2.94636595e-17   1.53000315e-18   1.22672318e-20   8.76044961e-22
   9.21758954e-20   1.21284153e-18   2.60533607e-18   1.69864914e-18
   4.09430186e-19   1.86719047e-20   1.06856619e-22   6.97521938e-26
   5.10593916e-30   4.17924562e-35]
[  2.68430994e-04   3.43535764e-03   6.44915147e-03   2.14603410e-03
   1.94639979e-04   1.71791492e-05   3.79124094e-06   9.63168559e-07
   1.85558765e-07   1.08124340e-08   1.14682534e-10   1.11828997e-11
   5.44024779e-12   2.85070965e-12   1.12553033e-12   5.28100121e-13
   2.11571677e-13   1.80446654e-13   1.60909236e-13   8.78056905e-14
   5.04545236e-14   3.98056678e-14   1.47510212e-14   6.44555595e-15
   2.61917381e-15   1.38931990e-15   4.59863052e-16   9.99032952e-17
   7.34365774e-17   3.46127612e-17   2.17649173e-17   2.07453525e-17
   1.23469041e-17   2.50560639e-18   5.10222843e-18   5.98711134e-18
   1.18805483e-18   3.65928562e-20   1.73193002e-22   2.40746671e-22
   1.44552392e-20   1.12110672e-19   1.63807460e-19   8.39496766e-20
   1.37671480e-20   3.65395722e-22   1.16783983e-24   4.22563941e-28
   1.71240871e-32   7.75769815e-38]
[  6.38759629e-04   4.87069097e-03   5.60837480e-03   1.14808922e-03
   5.95841752e-05   4.08709577e-06   9.51226222e-07   2.26625817e-07
   3.60015827e-08   1.26597390e-09   8.56438433e-12   1.15203512e-12
   5.52301728e-13   2.75384878e-13   1.02875507e-13   4.75335738e-14
   1.92477208e-14   1.92608646e-14   1.44696379e-14   7.32628321e-15
   4.69569492e-15   3.27123863e-15   1.05951879e-15   4.66582320e-16
   1.85362431e-16   9.93835184e-17   2.36574905e-17   6.65346238e-18
   4.88525632e-18   1.99737397e-18   1.54862323e-18   1.36742847e-18
   6.29965722e-19   1.53979672e-19   4.23310175e-19   3.09330453e-19
   3.67826023e-20   6.70282292e-22   2.03241242e-24   5.08831522e-23
   1.72974624e-21   8.13477421e-21   8.51403925e-21   3.38555270e-21
   3.57392783e-22   5.42399876e-24   9.64969277e-27   1.93432688e-30
   4.33910855e-35   1.08798303e-40]
[  1.25074444e-03   5.95692324e-03   4.52692889e-03   6.15612792e-04
   2.01821656e-05   1.40449403e-06   2.29101676e-07   4.67583580e-08
   5.49668790e-09   1.12941433e-10   5.34350183e-13   1.04534944e-13
   5.00810826e-14   2.23935607e-14   8.51405134e-15   3.60523682e-15
   1.70711994e-15   1.73923717e-15   1.10321662e-15   5.43306383e-16
   3.98189224e-16   2.18554007e-16   6.98306072e-17   2.86326009e-17
   1.18805741e-17   5.87804745e-18   1.02228372e-18   4.12305848e-19
   2.74510342e-19   1.07175541e-19   9.56268671e-20   7.76983222e-20
   2.55299262e-20   1.18076170e-20   2.74882502e-20   1.23458186e-20
   8.73198877e-22   9.39815838e-24   6.57538739e-26   8.15615799e-24
   1.58726411e-22   4.69621548e-22   3.68273104e-22   1.09490911e-22
   7.10979483e-24   6.09855666e-26   6.02675549e-29   6.69039545e-33
   8.30714498e-38   1.15282956e-43]
[  2.05935582e-03   6.49011197e-03   3.45618099e-03   3.26493907e-04
   1.26248300e-05   1.32170527e-06   6.83633785e-08   8.33171365e-09
   6.49985427e-10   7.66222791e-12   3.00022321e-14   8.26172514e-15
   4.00716589e-15   1.55749274e-15   6.24406993e-16   2.34006631e-16
   1.43059817e-16   1.32294961e-16   7.22589640e-17   3.65082367e-17
   2.93790975e-17   1.20494224e-17   4.13243627e-18   1.51351927e-18
   6.91115075e-19   2.78939692e-19   4.01052783e-20   2.29484903e-20
   1.28248438e-20   5.48860160e-21   5.14134711e-21   3.70185369e-21
   8.51114123e-22   8.83292111e-22   1.39081827e-21   3.79464072e-22
   1.58807598e-23   1.00821257e-25   1.10839854e-26   9.92856133e-25
   1.12480358e-23   2.18860323e-23   1.32390058e-23   2.79387218e-24
   1.07846521e-25   5.18900800e-28   2.84462396e-31   1.74842325e-35
   1.20159824e-40   9.22914550e-47]
[  2.92273071e-03   6.40695206e-03   2.42593579e-03   1.74920050e-04
   1.96899236e-05   1.84696481e-06   3.88320224e-08   1.34706249e-09
   5.92204069e-11   3.95166966e-13   1.64141659e-15   5.72837533e-16
   2.75702862e-16   9.55988917e-17   3.94396750e-17   1.35944855e-17
   1.06866142e-17   8.46672272e-18   4.12837438e-18   2.28414625e-18
   1.80342715e-18   5.69692518e-19   2.11037182e-19   7.06478842e-20
   3.56643858e-20   1.04649744e-20   1.55818152e-21   1.11855660e-21
   5.01128033e-22   2.61980989e-22   2.42798517e-22   1.43283012e-22
   2.71854834e-23   5.48554626e-23   5.46537214e-23   8.95938774e-24
   2.21151810e-25   8.30766598e-28   1.80885380e-27   9.20351550e-26
   6.21382400e-25   8.34520214e-25   3.91945665e-25   5.55093318e-26
   1.24327009e-27   3.33915186e-30   1.01459775e-33   3.45228676e-38
   1.31317243e-43   5.58227305e-50]
[  3.64738504e-03   5.67524479e-03   1.50239977e-03   1.41404704e-04
   3.65594356e-05   2.37037563e-06   3.47262269e-08   3.03998333e-10
   4.37490096e-12   1.56137405e-14   8.93116925e-17   3.54006668e-17
   1.59764440e-17   5.30509465e-18   2.10575957e-18   7.51235811e-19
   6.84537932e-19   4.56437681e-19   2.08293970e-19   1.34041933e-19
   8.96662631e-20   2.42509515e-20   9.06316016e-21   2.99345640e-21
   1.56483570e-21   3.11830499e-22   6.15118014e-23   4.64728310e-23
   1.70220805e-23   1.12215165e-23   1.00339129e-23   4.40094668e-24
   1.06984176e-24   2.69427205e-24   1.66230706e-24   1.62192152e-25
   2.35738741e-27   6.10284870e-30   2.25438812e-28   6.52284427e-27
   2.70774137e-26   2.62901456e-26   9.41917626e-27   8.50305180e-28
   1.08695163e-29   1.62450332e-32   2.73440696e-36   5.15024634e-41
   1.08427243e-46   2.55101916e-53]
[  4.02213917e-03   4.38027391e-03   8.58185359e-04   2.32947409e-04
   5.79449408e-05   2.68400962e-06   3.42269815e-08   1.75152986e-10
   4.63383275e-13   5.38508834e-16   4.61229809e-18   1.95759524e-18
   7.78732154e-19   2.65107689e-19   9.48066834e-20   4.05153146e-20
   3.70622449e-20   2.08800580e-20   9.41459103e-21   7.13199974e-21
   3.59003498e-21   9.51188266e-22   3.26948667e-22   1.17456374e-22
   5.59730533e-23   7.63516076e-24   2.35728852e-24   1.60164783e-24
   5.33802750e-25   4.24090015e-25   3.54549109e-25   1.06889149e-25
   5.10009938e-26   1.03427740e-25   3.89993980e-26   2.24844664e-27
   1.92302109e-29   1.81356993e-31   2.13192471e-29   3.55504772e-28
   9.43201761e-28   6.86952897e-28   1.80789610e-28   9.97300151e-30
   7.19691618e-32   5.97358421e-35   5.56820517e-39   5.80506446e-44
   6.76408045e-50   8.80783848e-57]
[  3.86713903e-03   2.87286602e-03   6.75975877e-04   4.42602592e-04
   7.65936387e-05   2.79101117e-06   3.35239108e-08   1.50234223e-10
   1.84668456e-13   4.49595392e-17   2.15971674e-19   9.51090089e-20
   3.26205360e-20   1.16211681e-20   3.67097258e-21   2.05261882e-21
   1.69009329e-21   8.22195188e-22   3.91569413e-22   3.25638460e-22
   1.17680158e-22   3.35544221e-23   1.01138409e-23   4.24040356e-24
   1.58564136e-24   1.66498696e-25   8.26631731e-26   4.50921298e-26
   1.60456502e-26   1.41831509e-26   1.03550841e-26   2.15448620e-27
   2.29285379e-27   3.09023376e-27   7.03600336e-28   2.38516876e-29
   1.20038996e-31   2.01521916e-32   1.53277860e-30   1.50183619e-29
   2.66132433e-29   1.48431314e-29   2.73008948e-30   8.91427487e-32
   3.60574447e-34   1.66002383e-37   8.56720412e-42   4.94358645e-47
   3.18810406e-53   2.29761833e-60]
[  3.16434340e-03   1.67984452e-03   1.08197927e-03   7.17620463e-04
   8.75141937e-05   2.76360178e-06   3.19080222e-08   1.24640076e-10
   1.03008320e-13   1.24555293e-17   9.15021490e-21   3.94582285e-21
   1.21331324e-21   4.35223623e-22   1.28270383e-22   9.21661241e-23
   6.48275426e-23   2.83205826e-23   1.54323225e-23   1.21981661e-23
   3.28961766e-24   1.01783740e-24   2.78170342e-25   1.35391829e-25
   3.50978892e-26   3.63540928e-27   2.52964831e-27   1.04641113e-27
   4.55709452e-28   4.20621150e-28   2.42363854e-28   4.29650177e-29
   8.45613266e-29   7.16224178e-29   9.73727630e-30   1.93547411e-31
   5.78010276e-34   1.94605477e-33   8.40543143e-32   4.96824106e-31
   6.15017618e-31   2.62720742e-31   3.20399911e-32   6.05360011e-34
   1.36620041e-36   3.48592015e-40   9.95927759e-45   3.18076865e-50
   1.13529674e-56   4.52834309e-64]
[  2.16351662e-03   1.27186440e-03   2.08494561e-03   9.66150266e-04
   9.05841436e-05   2.64770767e-06   2.90236130e-08   9.02060972e-11
   4.82858026e-14   3.44736829e-18   3.66601188e-22   1.37233012e-22
   4.08062173e-23   1.37360904e-23   4.29473793e-24   3.53966243e-24
   2.09466557e-24   8.65669590e-25   5.73545548e-25   3.66025957e-25
   8.26667017e-26   2.57810342e-26   7.09005230e-27   3.62748511e-27
   6.08790089e-28   8.48074767e-29   6.49615363e-29   2.08729211e-29
   1.18209234e-29   1.08840972e-29   4.46024828e-30   1.07781294e-30
   2.45875182e-30   1.28315711e-30   1.03181970e-31   1.20126353e-33
   2.78542404e-36   1.43044584e-34   3.53238081e-33   1.30260996e-32
   1.17223482e-32   3.75724103e-33   2.89555043e-34   3.11700501e-36
   3.91337630e-39   5.53118618e-43   8.74735976e-48   1.54623731e-53
   3.05449444e-60   6.74300729e-68]
[  1.28988208e-03   1.95933030e-03   3.45750113e-03   1.11512193e-03
   8.82396169e-05   2.46390691e-06   2.44019470e-08   5.44372684e-11
   1.80254424e-14   7.59712083e-19   1.52218378e-23   4.01649035e-24
   1.22590474e-24   3.66193745e-25   1.40394698e-25   1.14846957e-25
   5.74952631e-26   2.39696087e-26   1.91188442e-26   8.76707330e-27
   1.91786015e-27   5.44571428e-28   1.71377285e-28   7.81395666e-29
   8.51401293e-30   2.01223347e-30   1.35962415e-30   3.82482307e-31
   2.75696871e-31   2.37695614e-31   6.47610794e-32   3.16955557e-32
   5.58098245e-32   1.77084241e-32   8.36202134e-34   5.70258908e-36
   7.52795089e-38   7.98434364e-36   1.14519570e-34   2.74122527e-34
   1.84598709e-34   4.27641156e-35   2.00206725e-36   1.21533693e-38
   8.47245731e-42   6.63132573e-46   5.80475344e-51   5.67902606e-57
   6.20900855e-64   7.58613889e-72]
[  9.39857851e-04   3.81949667e-03   4.74685856e-03   1.15298850e-03
   8.25672598e-05   2.21498824e-06   1.80862357e-08   2.66498979e-11
   5.31529891e-15   1.31730629e-19   7.29991047e-25   1.01535577e-25
   3.19647055e-26   8.44320622e-27   4.28874173e-27   3.13813965e-27
   1.36152952e-27   6.22672202e-28   5.37943956e-28   1.70625960e-28
   4.00635572e-29   9.84298677e-30   3.84639324e-30   1.31851947e-30
   1.03796258e-31   4.43205361e-32   2.29073830e-32   6.75970928e-33
   5.77782248e-33   4.22498599e-33   7.89770395e-34   8.53780184e-34
   9.84975894e-34   1.87680919e-34   5.17938402e-36   2.07138447e-38
   5.25558252e-39   3.39267281e-37   2.88942591e-36   4.68337354e-36
   2.39208535e-36   3.81987013e-37   1.05444756e-38   3.58536089e-41
   1.38620094e-44   6.00693941e-49   2.91035817e-54   1.57588644e-60
   9.53582115e-68   6.44823411e-76]
[  1.38385578e-03   6.47926627e-03   5.54715750e-03   1.10908516e-03
   7.50179773e-05   1.87302467e-06   1.13057351e-08   1.04259428e-11
   1.23630649e-15   1.80099407e-20   4.01922580e-26   2.28926996e-27
   7.06917677e-28   1.77141367e-28   1.15575967e-28   7.21076990e-29
   2.82996407e-29   1.55872613e-29   1.22458080e-29   2.81416366e-30
   7.17849717e-31   1.59841180e-31   7.56989618e-32   1.72277194e-32
   1.27074175e-33   8.43993059e-34   3.14504999e-34   1.14722126e-34
   1.07805496e-34   5.94483119e-35   9.86102769e-36   1.86879372e-35
   1.34696147e-35   1.52382874e-36   2.45131758e-38   5.84538145e-41
   2.99807458e-40   1.10166750e-38   5.73508672e-38   6.55190176e-38
   2.52698585e-38   2.64729394e-39   4.21799850e-41   7.99866995e-44
   1.71381139e-47   4.11121650e-52   1.10246258e-57   3.30391705e-64
   1.10648829e-71   4.14108024e-80]
[  2.72117272e-03   9.08060950e-03   5.74872886e-03   1.01596121e-03
   6.64632789e-05   1.42111521e-06   5.78120413e-09   3.23811507e-12
   2.27116373e-16   1.94734808e-21   2.20111159e-27   4.65431641e-29
   1.31477484e-29   3.58558858e-30   2.65913938e-30   1.39602447e-30
   5.25580243e-31   3.67429974e-31   2.21043764e-31   4.15881796e-32
   1.06827131e-32   2.46531141e-33   1.23160779e-33   1.74621485e-34
   1.74607861e-35   1.32594105e-35   3.67916262e-36   1.81560905e-36
   1.73872672e-36   6.53009901e-37   1.57035692e-37   3.21688963e-37
   1.42210026e-37   9.46139057e-39   8.86523366e-41   1.97078114e-43
   1.30011206e-41   2.74885611e-40   9.06194247e-40   7.54012950e-40
   2.14817814e-40   1.41125091e-41   1.27908806e-43   1.34898269e-46
   1.60101435e-50   2.12592271e-55   3.15526127e-61   5.23342964e-68
   9.70037259e-76   2.00927478e-84]
[  4.72199312e-03   1.07651996e-02   5.48137232e-03   9.01064547e-04
   5.64059275e-05   9.21826891e-07   2.37773625e-09   7.97118133e-13
   3.30297983e-17   1.66889957e-22   1.05247856e-28   8.37049538e-31
   2.07067735e-31   7.08627710e-32   5.16732997e-32   2.29921493e-32
   8.97917476e-33   7.64100294e-33   3.15983941e-33   5.67661380e-34
   1.31864304e-34   3.68978313e-35   1.59073193e-35   1.40554189e-36
   2.56009479e-37   1.67166206e-37   3.94144031e-38   2.63629208e-38
   2.32925712e-38   5.65948400e-39   2.83115382e-39   4.31823117e-39
   1.15514332e-39   4.48722399e-41   2.45039503e-43   4.60791303e-45
   4.28554318e-43   5.31002627e-42   1.15295985e-41   7.13972868e-42
   1.44886688e-42   5.75188300e-44   2.93681940e-46   1.71951784e-49
   1.13007475e-53   8.30580980e-59   6.82276474e-65   6.26320470e-72
   6.42514396e-80   7.36576495e-89]
[  6.76140233e-03   1.12160002e-02   4.92988677e-03   7.84929375e-04
   4.38168373e-05   4.93860110e-07   7.80631617e-10   1.55651047e-13
   3.81017451e-18   1.13403835e-23   4.11913370e-30   1.29296871e-32
   2.83794257e-33   1.30253213e-33   8.45525870e-34   3.27561439e-34
   1.47222850e-34   1.31747676e-34   3.64439298e-35   6.98517405e-36
   1.39297900e-36   5.14287678e-37   1.59517805e-37   9.66054198e-39
   3.51822673e-39   1.67688875e-39   4.10597354e-40   3.48070271e-40
   2.50240298e-40   4.18333787e-41   4.55931126e-41   4.50277628e-41
   7.19698024e-42   1.62457475e-43   5.18145249e-46   1.96432353e-46
   1.07707346e-44   8.01711487e-44   1.19221137e-43   5.53753930e-44
   7.65221802e-45   1.78492592e-46   5.10149881e-49   1.65638165e-52
   6.02683047e-57   2.45172753e-62   1.11465068e-68   5.66317181e-76
   3.21536408e-84   2.04008947e-93]
[  8.14556609e-03   1.06397643e-02   4.27110588e-03   6.67240441e-04
   2.95609623e-05   2.14314870e-07   2.04093004e-10   2.41396671e-14
   3.48786289e-19   6.09836566e-25   1.28415038e-31   1.68313227e-34
   3.56953705e-35   2.10408799e-35   1.16319266e-35   4.11413821e-36
   2.35595412e-36   1.81390609e-36   3.53872419e-37   7.36349691e-38
   1.34049838e-38   6.20403974e-39   1.23029437e-39   6.64377158e-41
   4.12769830e-41   1.35861966e-41   4.18807800e-42   4.07906926e-42
   2.10644346e-42   3.28102625e-43   5.92042248e-43   3.63419433e-43
   3.43101168e-44   4.48910950e-46   8.61619716e-49   6.61479527e-48
   2.07330600e-46   9.56524223e-46   1.00810385e-45   3.48631780e-46
   3.13096415e-47   4.20573589e-49   6.70109946e-52   1.20567604e-55
   2.42847919e-60   5.46785616e-66   1.37584755e-72   3.86879531e-80
   1.21571084e-88   4.26907127e-98]
[  8.55492305e-003   9.42650670e-003   3.65205769e-003   5.30927237e-004
   1.66502411e-005   7.46507369e-008   4.24796875e-011   2.97429600e-015
   2.52947200e-020   2.58517769e-026   3.14767686e-033   1.84007494e-036
   4.35996640e-037   2.89798821e-037   1.34889495e-037   4.66297486e-038
   3.51499087e-038   1.96256597e-038   3.06516596e-039   6.42323736e-040
   1.25920170e-040   6.09429482e-041   7.30722209e-042   5.36166580e-043
   3.93133475e-043   9.31535796e-044   4.07983735e-044   4.07234380e-044
   1.37714858e-044   3.30321537e-045   6.03352871e-045   2.26198382e-045
   1.24936493e-046   9.46871607e-049   2.19042136e-051   1.69298014e-049
   3.07609846e-048   9.12007742e-048   6.98986573e-048   1.75999980e-048
   9.84431188e-050   7.51100677e-052   6.65403024e-055   6.63122821e-059
   7.39331905e-064   9.21331551e-070   1.28308336e-076   1.99684628e-084
   3.47282791e-093   6.74948178e-103]
[  8.10203352e-003   7.98999172e-003   3.10429307e-003   3.73573203e-004
   7.65303295e-006   2.07928223e-008   7.03642913e-012   2.90693265e-016
   1.44795661e-021   8.59425262e-028   6.01764509e-035   1.70861248e-038
   5.19866574e-039   3.37062434e-039   1.33305272e-039   4.96215711e-040
   4.53078213e-040   1.67004063e-040   2.45092530e-041   4.63062823e-042
   1.17062598e-042   4.70073434e-043   3.40681125e-044   4.83517952e-045
   2.96678046e-045   5.84059071e-046   3.71887644e-046   3.32076034e-046
   7.11968252e-047   3.63227716e-047   4.79037236e-047   1.08194661e-047
   3.47103712e-049   1.52503588e-051   4.10558943e-053   3.29770963e-051
   3.54699126e-050   7.01702419e-050   3.97129064e-050   7.03016587e-051
   2.36491451e-052   1.01551784e-054   4.99375003e-058   2.75572352e-062
   1.70059797e-067   1.17291994e-073   9.04049865e-081   7.78693173e-089
   7.49530088e-098   8.06232473e-108]
[  7.09592897e-003   6.69989173e-003   2.53242153e-003   2.22072219e-004
   2.83791922e-006   4.62199021e-009   9.25973694e-013   2.24569680e-017
   6.50924786e-023   2.22815372e-029   8.91941480e-037   1.38983043e-040
   5.74045365e-041   3.30056175e-041   1.14323829e-041   5.19098388e-042
   4.75707026e-042   1.13919882e-042   1.76940593e-043   2.86355386e-044
   1.00963680e-044   2.79556147e-045   1.33214704e-046   4.10988193e-047
   1.76541809e-047   3.59929702e-048   3.10026302e-048   2.14344021e-048
   3.19865911e-049   3.49110620e-049   2.95172123e-049   3.96503393e-050
   7.35311268e-052   1.87872013e-054   1.05180240e-054   4.90670219e-053
   3.21073533e-052   4.38734561e-052   1.84033692e-052   2.19464896e-053
   4.32383551e-055   1.03869818e-057   2.83215449e-061   8.65259303e-066
   2.95542147e-071   1.12816880e-077   4.81263371e-085   2.29425109e-093
   1.22221529e-102   7.27617233e-113]
[  5.89767294e-003   5.68757011e-003   1.86450113e-003   1.08519087e-004
   8.44103909e-007   8.17993773e-010   9.64717670e-014   1.36446214e-018
   2.28516743e-024   4.48143798e-031   1.02023720e-038   1.04666938e-042
   5.55283872e-043   2.71692439e-043   8.69626419e-044   5.32600635e-044
   3.94207213e-044   6.49960510e-045   1.09436904e-045   1.64101253e-046
   7.41813144e-047   1.27234315e-047   5.17230563e-049   2.94232142e-049
   8.42681425e-050   2.22288240e-050   2.27067253e-050   1.07524194e-050
   1.58103923e-051   2.68856350e-051   1.40635650e-051   1.11064648e-052
   1.18754721e-054   1.85839463e-057   2.09048588e-056   5.60620919e-055
   2.30641520e-054   2.23821721e-054   6.89659767e-055   5.30036643e-056
   6.00093690e-058   8.03339419e-061   1.21372479e-064   2.05267385e-069
   3.88053630e-075   8.19847221e-082   1.93564680e-089   5.10702950e-098
   1.50577190e-107   4.96133439e-118]
[  4.84959541e-003   4.76346657e-003   1.17447353e-003   4.29615562e-005
   2.00550144e-007   1.14830386e-010   7.91762183e-015   6.48349560e-020
   6.23119123e-026   6.96074272e-033   8.97339577e-041   7.70343977e-045
   4.57509916e-045   1.88665358e-045   6.05423740e-046   5.00080530e-046
   2.54757527e-046   3.29098041e-047   5.58885009e-048   9.44662999e-049
   4.37609599e-049   4.43622495e-050   2.44655416e-051   1.68632739e-051
   3.38620073e-052   1.34607749e-052   1.39203788e-052   4.17557330e-053
   1.00190238e-053   1.62215173e-053   5.16188306e-054   2.37377785e-055
   1.46239639e-057   3.82295044e-060   3.15935752e-058   4.95392929e-057
   1.32806576e-056   9.33016160e-057   2.06591012e-057   9.82804452e-059
   6.31145976e-061   4.69663352e-064   3.93019866e-068   3.67919592e-073
   3.84962124e-079   4.50137079e-086   5.88196292e-094   8.58911908e-103
   1.40159809e-112   2.55591763e-123]
[  4.10889978e-003   3.68337907e-003   6.12227886e-004   1.36632364e-005
   3.78901684e-008   1.27215933e-011   5.08973196e-016   2.39598669e-021
   1.31351815e-027   8.31886878e-035   6.05223503e-043   5.53283273e-047
   3.18282164e-047   1.11892895e-047   4.06028327e-048   3.96437159e-048
   1.28724193e-048   1.53644922e-049   2.35406772e-050   5.45897970e-051
   2.00894142e-051   1.20387945e-052   1.34836942e-053   7.58158482e-054
   1.24465631e-054   7.75313282e-055   6.86065592e-055   1.28789067e-055
   6.69023315e-056   7.61823740e-056   1.45444974e-056   3.86677980e-058
   1.37373054e-060   5.28491354e-062   3.63935860e-060   3.41618341e-059
   6.17733308e-059   3.17443519e-059   4.88479280e-060   1.39152466e-061
   5.02489691e-064   2.07524634e-067   9.61580768e-072   4.98244825e-077
   2.88534519e-083   1.86728065e-090   1.35042759e-098   1.09139439e-107
   9.85690658e-118   9.94828092e-129]
[  3.53994836e-003   2.46824304e-003   2.59242032e-004   3.46823362e-006
   5.66159234e-009   1.10575807e-012   2.54812625e-017   6.85244651e-023
   2.13220884e-029   7.62788045e-037   3.12387064e-045   3.66541401e-049
   1.86384692e-049   5.78230287e-050   2.73547414e-050   2.51861516e-050
   5.18393124e-051   6.48833983e-052   8.54427523e-053   2.89773163e-053
   7.07292113e-054   2.70038598e-055   7.02347048e-056   2.66937270e-056
   4.55954818e-057   4.07525809e-057   2.64754592e-057   3.52944276e-058
   3.83255249e-058   2.77422099e-058   3.13670332e-059   4.79776882e-061
   9.87102458e-064   8.06743080e-064   3.20927160e-062   1.85738235e-061
   2.33219336e-061   8.77625200e-062   9.01070474e-063   1.49888977e-064
   3.02626755e-067   6.92940155e-071   1.77756361e-075   5.09786226e-081
   1.63392012e-087   5.85230986e-095   2.34246531e-103   1.04777406e-112
   5.23733815e-123   2.92551318e-134]
[  2.88635356e-003   1.37606446e-003   8.81627858e-005   6.98179219e-007
   6.64971709e-010   7.49634021e-014   9.88414089e-019   1.51049007e-024
   2.65725489e-031   5.35471089e-039   1.23208119e-047   2.12132795e-051
   9.17549330e-052   2.67329243e-052   1.79644783e-052   1.25052630e-052
   1.73509995e-053   2.35015726e-054   2.93250593e-055   1.28851392e-055
   1.89890103e-056   5.95894623e-058   3.04265088e-058   7.49896590e-059
   1.72078240e-059   1.85186549e-059   7.89166767e-060   1.10264372e-060
   1.75002795e-060   7.80405242e-061   5.16550511e-062   4.53345727e-064
   5.89819158e-067   9.46507271e-066   2.17956962e-064   8.04366170e-064
   7.16396498e-064   1.95560830e-064   1.28432113e-065   1.22528284e-067
   1.37808701e-070   1.74836364e-074   2.48271594e-079   3.94083149e-085
   6.99064061e-092   1.38579154e-099   3.06992576e-108   7.59987422e-118
   2.10248750e-128   6.49993346e-140]
(53760,)
(53760,)
(53760,)
(53760,)
(72576,)
(72576,)
