 0.0 352.971010401 538.405129321 578.702996236 600.602437206
 634.673959729 678.402044337 733.399690079 759.042552906 770.137056128
 776.225594615 772.947150814 764.856226433 752.259933791 703.785573141
 653.910455187 612.231381694 588.81043053 557.711776587 515.88070751
 0.0 289.986876432 462.908490796 529.507197399 524.330849279
 547.814273556 583.199589053 585.527338639 623.123172329 660.062501908
 642.564470962 651.986485474 647.709570267 594.439032509 584.273935107
 566.920021544 525.524237659 527.118123505 496.406943829 423.826969823
 0.0 206.937492551 349.952497764 433.056630748 454.718738147
 460.994627932 455.137817051 435.441275565 485.37464586 561.028956247
 619.26430874 587.906810868 522.703875838 441.823881197 446.04710416
 459.452859755 462.793367898 443.054552226 390.671430972 302.447109687
 -1.77787725608e-14 199.964773926 320.995737392 373.064462073 409.476943231
 418.896393414 410.471494082 396.691216383 393.902293241 409.81773211
 471.797556113 438.423804293 394.869734081 392.773611168 404.1113655
 415.457380086 422.908574062 389.870224705 345.629621962 292.256206982
 0.0 183.030997592 310.310423792 387.022061266 430.364968358
 444.935538918 439.348920068 421.802666296 382.885572113 357.990882069
 411.49804347 382.686495657 360.5400752 408.955320012 431.250649247
 443.360704753 446.772843186 407.026476597 346.999205019 267.506843388
 0.0 197.413425956 334.21891266 416.032416485 461.338072356
 502.002653672 529.908851279 503.597632283 447.197534368 386.721798641
 357.236720454 373.113299744 414.99464153 484.767580137 517.765217276
 519.432154151 481.668240122 436.942720013 373.383141312 288.527317068
 0.0 183.030998108 310.310422728 387.022057209 430.364965883
 444.935537876 439.348920175 421.802666498 382.885572805 357.990883578
 411.4980463 382.686496508 360.5400742 408.955319678 431.250649096
 443.360705176 446.77284495 407.026479924 346.999207641 267.506842635
 0.0 199.964773198 320.995738125 373.064465643 409.476943611
 418.896392691 410.471493562 396.691216095 393.902292736 409.817728278
 471.797539247 438.423795313 394.869734777 392.773611449 404.111365913
 415.457380718 422.908574893 389.870222607 345.629619688 292.256208046
 0.0 206.937496102 349.952513456 433.056663308 454.718755964
 460.994632744 455.137812738 435.441277484 485.374647542 561.028952771
 619.264293294 587.906802619 522.703875593 441.823877839 446.047105596
 459.452860443 462.793356668 443.054526471 390.671406279 302.447104497
 0.0 289.986874089 462.908494288 529.507211961 524.330853639
 547.814275136 583.19959144 585.527336051 623.123168225 660.062497437
 642.564464834 651.986484541 647.709574361 594.439036625 584.273935016
 566.920019106 525.524237081 527.118113651 496.40693441 423.826973246
 0.0 289.986876432 462.908490796 529.507197399 524.330849279
 547.814273556 583.199589053 585.527338639 623.123172329 660.5786849
 645.317446919 653.535034449 647.709570267 594.439032509 584.273935107
 566.920021544 525.524237659 527.118123505 496.406943829 423.826969823
 118.652061929 262.010795864 384.596932372 481.838576279 488.607311103
 499.826002684 516.355016851 546.794078899 600.003013902 634.731813192
 574.127014989 555.580846731 548.111730988 537.176408194 528.119782473
 533.175140171 560.263141282 504.636677433 436.151355603 360.705716891
 124.798168856 219.804481903 307.935002171 385.690637739 409.670096934
 426.995450142 438.315340729 439.478676226 457.290171922 466.252511546
 421.053723228 432.394361142 458.698191299 480.505091299 456.689372556
 453.428053012 496.325806729 425.741355187 362.190741725 317.879264866
 92.7707794642 206.619087934 302.646434488 379.970325643 416.154074572
 428.774483618 421.498008432 385.787650825 364.590656891 345.273248211
 310.719844193 332.11311447 376.105790315 433.183123538 448.545762159
 460.211776354 478.098375351 423.898869595 357.508422229 283.903580946
 128.952179642 214.242707931 301.226777859 388.188612291 457.46433535
 483.949082648 476.177670311 427.091359172 382.381771479 334.674919956
 270.493154263 325.783314704 404.971484404 457.286624791 504.210492109
 509.484165447 449.685898765 418.426437134 366.949822003 289.111921741
 128.952195598 214.242717687 301.226778484 388.188602777 457.464333755
 483.949083641 476.177670667 427.09135947 382.38176947 334.674916115
 270.493153511 325.783318236 404.971491029 457.286631029 504.210497617
 509.484169056 449.685898705 418.426437427 366.949824167 289.111927157
 92.7707798429 206.619088207 302.646429121 379.970311725 416.154074117
 428.774492218 421.49802118 385.787655882 364.590658043 345.273247175
 310.719841084 332.113113972 376.10579196 433.183123113 448.545761908
 460.21177633 478.09837499 423.898864633 357.508415101 283.903574908
 124.798159858 219.804481139 307.935007937 385.690647962 409.670104265
 426.995454591 438.315342168 439.478673921 457.290166758 466.25250558
 421.053722006 432.394360077 458.698188726 480.505086565 456.689370662
 453.428053336 496.32580682 425.741356309 362.19074179 317.879261315
 118.652070728 262.010816416 384.596958007 481.838600849 488.607329384
 499.826012918 516.355018855 546.794077703 600.003010409 634.73180828
 574.127010238 555.580845086 548.111733354 537.176414618 528.119784839
 533.175139569 560.263141817 504.636679462 436.151371208 360.705760129
 0.0 289.98687751 462.90850755 529.507238573 524.330869632
 547.81428347 583.199595168 585.5273418 623.123171332 659.098013867
 637.420554711 649.093032718 647.709571197 594.439038155 584.273939768
 566.920027196 525.524249123 527.118145216 496.406964175 423.826974822
 0.0 206.937492551 349.952497764 433.056630748 454.718738147
 460.994627932 455.137817051 435.441275565 485.37464586 561.855936724
 623.674871286 590.387752301 522.703875838 441.823881197 446.04710416
 459.452859755 462.793367898 443.054552226 390.671430972 302.447109687
 124.798168856 219.804481903 307.935002171 385.690637739 409.670096934
 426.995450142 438.315340729 439.478676226 457.290171922 466.252511546
 421.053723228 432.394361142 458.698191299 480.505091299 456.689372556
 453.428053012 496.325806729 425.741355187 362.190741725 317.879264866
 133.245990087 234.203242256 341.390861917 446.80841217 466.901349629
 482.155505565 494.840561699 510.028880401 495.329949477 469.489036737
 450.785591467 471.668255731 502.193945886 527.695820362 524.483950511
 521.690650794 527.920152551 474.658390122 404.739242413 321.170351449
 173.423952437 243.843863913 322.776782776 408.994822104 495.071945305
 514.886016468 489.117217218 440.421872082 393.303547191 345.486826981
 293.005796086 320.319075705 385.410396767 481.641151476 503.631845712
 518.795359436 544.63249284 467.157480151 387.679383125 315.908590799
 204.570417168 260.858405377 339.743402896 437.553336693 530.036124351
 548.054124173 518.556699713 483.697149889 448.674246032 409.799584607
 358.327737259 399.668199843 464.29385425 518.662881056 560.31489222
 575.568043457 552.282514269 492.390166566 426.861077427 358.314786191
 173.423944465 243.843863206 322.77678351 408.994819685 495.071944511
 514.886015034 489.117214567 440.421872827 393.303548209 345.486826818
 293.005794522 320.319075107 385.410397069 481.64115093 503.631843555
 518.795357588 544.632494597 467.157480051 387.679381826 315.9085896
 133.245973255 234.203240309 341.390860908 446.808401083 466.901339687
 482.155497089 494.840554892 510.028875276 495.329945607 469.489034147
 450.785590868 471.668255264 502.193945726 527.695822154 524.483950501
 521.690652563 527.920162922 474.658392587 404.739240185 321.170349884
 124.798167571 219.80448154 307.935004414 385.690643211 409.670095786
 426.995448861 438.315343142 439.478681078 457.290173686 466.252509279
 421.053721972 432.394360023 458.698190552 480.505092038 456.689374387
 453.428054855 496.325806974 425.741357574 362.190741561 317.879256312
 0.0 206.937513977 349.952526532 433.056654735 454.718756805
 460.994636613 455.137815781 435.441280447 485.374647652 557.132088579
 598.481030739 576.21621573 522.703874063 441.823883507 446.047107165
 459.45286318 462.793372285 443.054547998 390.671432862 302.447135813
 118.652070728 284.26775295 401.330319941 475.781602045 538.300936449
 545.677294453 524.097454084 532.812504053 543.064663168 553.055662689
 559.898931493 607.393612389 629.231722707 565.902846063 530.403815246
 506.287507722 492.287602314 484.962629404 432.957443715 328.176391348
 0.0 199.964773926 320.995737392 373.064462073 409.476943231
 418.896393414 410.471494082 396.691216383 393.902293241 411.973241457
 483.293605967 444.890332336 394.869734081 392.773611168 404.1113655
 415.457380086 422.908574062 389.870224705 345.629621962 292.256206982
 92.7707794642 206.619087934 302.646434488 379.970325643 416.154074572
 428.774483618 421.498008432 385.787650825 364.590656891 345.273248211
 310.719844193 332.11311447 376.105790315 433.183123538 448.545762159
 460.211776354 478.098375351 423.898869595 357.508422229 283.903580946
 173.423952437 243.843863913 322.776782776 408.994822104 495.071945305
 514.886016468 489.117217218 440.421872082 393.303547191 345.486826981
 293.005796086 320.319075705 385.410396767 481.641151476 503.631845712
 518.795359436 544.63249284 467.157480151 387.679383125 315.908590799
 230.171618132 284.10809944 372.327439795 487.147388037 568.550937875
 594.235124927 576.48753856 511.400507971 492.136081016 476.940443523
 407.422098847 446.707330968 502.739364999 523.00928899 565.538321493
 601.839827109 621.701912683 520.732891218 435.248405509 379.576680258
 230.171620849 284.108105438 372.327444537 487.147388041 568.550937994
 594.235125547 576.487539631 511.400507899 492.136078689 476.940439365
 407.422095922 446.707331692 502.739368392 523.009291212 565.538322013
 601.839826809 621.70191313 520.732889711 435.248401775 379.576674237
 173.423938236 243.84386133 322.776785836 408.994824936 495.071938923
 514.886008658 489.117213328 440.421874758 393.30355011 345.486827708
 293.005795873 320.319074285 385.410394531 481.64114949 503.631843883
 518.795359304 544.632496899 467.157484252 387.6793827 315.908580923
 92.7707842596 206.61909149 302.646434655 379.970320969 416.154069734
 428.774474637 421.497995478 385.787648489 364.590656858 345.273246773
 310.719841314 332.113112434 376.105788456 433.183118815 448.545761396
 460.211779258 478.09837947 423.898866263 357.50841551 283.903576423
 9.46535886983e-14 199.964780244 320.99574623 373.064469861 409.476946172
 418.896394966 410.471495811 396.691215019 393.902291287 407.952424189
 461.849253926 432.827884067 394.869733065 392.773609214 404.111366214
 415.457382626 422.908576029 389.870228158 345.629628188 292.25621728
 124.798167571 256.90628092 341.739286831 388.799219332 468.840518858
 473.227017372 441.869033165 473.979772478 468.762914315 445.533028869
 417.559863558 445.619507686 468.925868669 443.715196206 438.852268343
 433.072313887 419.905772998 396.758082861 345.890537175 263.653549526
 124.798159858 256.906281907 341.739289263 388.799217458 468.840518302
 473.227016482 441.8690307 473.979767284 468.762910806 445.533027843
 417.559861136 445.619503985 468.925863161 443.715187621 438.852264515
 433.072316478 419.905782388 396.758089333 345.890541169 263.653552499
 0.0 183.030997592 310.310423792 387.022061266 430.364968358
 444.935538918 439.348920068 421.802666296 382.885572113 359.238629081
 418.152694203 386.429736694 360.5400752 408.955320012 431.250649247
 443.360704753 446.772843186 407.026476597 346.999205019 267.506843388
 128.952179642 214.242707931 301.226777859 388.188612291 457.46433535
 483.949082648 476.177670311 427.091359172 382.381771479 334.674919956
 270.493154263 325.783314704 404.971484404 457.286624791 504.210492109
 509.484165447 449.685898765 418.426437134 366.949822003 289.111921741
 204.570417099 260.858416655 339.743413326 437.553336563 530.036122537
 548.054122748 518.556699479 483.69714814 448.674241341 409.799578915
 358.327739152 399.668200158 464.293847059 518.662859207 560.314882071
 575.568043226 552.282513437 492.390166243 426.861069108 358.314759846
 230.171620849 284.108105438 372.327444537 487.147388041 568.550937994
 594.235125547 576.487539631 511.400507899 492.136078689 476.940439365
 407.422095922 446.707331692 502.739368392 523.009291212 565.538322013
 601.839826809 621.70191313 520.732889711 435.248401775 379.576674237
 204.570423377 260.858395858 339.743394276 437.553341424 530.036120808
 548.054121436 518.5567029 483.697155939 448.674249972 409.799584738
 358.327735295 399.668198632 464.293848179 518.662855568 560.314881147
 575.568045866 552.282518827 492.390167248 426.861076948 358.314788304
 128.952197703 214.242710249 301.226777024 388.188617882 457.464332834
 483.949079937 476.177671487 427.09135948 382.381769933 334.674917379
 270.493154867 325.783316697 404.971487816 457.2866309 504.210497622
 509.484171634 449.685908616 418.426441253 366.949824353 289.111927857
 4.93735502843e-14 183.03100091 310.310423485 387.022052904 430.364970176
 444.935542127 439.348919832 421.80266623 382.885574167 354.240212353
 391.494452795 371.434477172 360.540077633 408.955320123 431.250648939
 443.360706492 446.772850367 407.02647626 346.999202915 267.506847484
 92.7707842596 223.545852582 323.536951316 396.111163499 456.317852823
 468.467133202 452.135678578 444.357524684 402.449171699 349.207952212
 308.753768971 327.749199459 357.784528486 372.531139959 405.016296868
 427.802158479 429.908843488 396.670512706 339.916695167 259.164464058
 133.245973255 261.825809896 366.168983123 447.787910867 506.007287927
 524.56581119 520.592002905 529.024556028 513.964042539 486.868066407
 454.458424598 461.098190634 482.415106262 510.397258177 501.850548916
 487.800075159 475.570156008 456.082065054 393.326825664 280.798902026
 92.7707798429 223.545850151 323.536950397 396.111163352 456.31784946
 468.467129558 452.135676958 444.357527683 402.449175569 349.207954894
 308.753769146 327.749199556 357.784529288 372.53114159 405.016314119
 427.802182026 429.908854108 396.670509752 339.916687254 259.164461299
 0.0 197.413425956 334.21891266 416.032416485 461.338072356
 502.002653672 529.908851279 503.597632283 447.197534368 386.721798641
 357.236720454 373.113299744 414.99464153 484.767580137 517.765217276
 519.432154151 481.668240122 436.942720013 373.383141312 288.527317068
 128.952195598 214.242717687 301.226778484 388.188602777 457.464333755
 483.949083641 476.177670667 427.09135947 382.38176947 334.674916115
 270.493153511 325.783318236 404.971491029 457.286631029 504.210497617
 509.484169056 449.685898705 418.426437427 366.949824167 289.111927157
 173.423944465 243.843863206 322.77678351 408.994819685 495.071944511
 514.886015034 489.117214567 440.421872827 393.303548209 345.486826818
 293.005794522 320.319075107 385.410397069 481.64115093 503.631843555
 518.795357588 544.632494597 467.157480051 387.679381826 315.9085896
 173.423938236 243.84386133 322.776785836 408.994824936 495.071938923
 514.886008658 489.117213328 440.421874758 393.30355011 345.486827708
 293.005795873 320.319074285 385.410394531 481.64114949 503.631843883
 518.795359304 544.632496899 467.157484252 387.6793827 315.908580923
 128.952197703 214.242710249 301.226777024 388.188617882 457.464332834
 483.949079937 476.177671487 427.09135948 382.381769933 334.674917379
 270.493154867 325.783316697 404.971487816 457.2866309 504.210497622
 509.484171634 449.685908616 418.426441253 366.949824353 289.111927857
 0.0 197.413436104 334.218921194 416.032415169 461.338083339
 502.00266604 529.908858714 503.597637538 447.197536604 386.721798106
 357.236719217 373.113300157 414.99464289 484.767579271 517.765218171
 519.432160325 481.668256041 436.942723555 373.383142483 288.52732969
 128.952197703 238.535170967 331.024641355 405.096640765 433.977875156
 481.884973318 525.415252079 479.471617422 429.11693847 367.868514024
 276.842485037 305.125749398 362.644363979 405.408743545 453.522450561
 483.829260951 484.088868753 420.162024783 342.043246878 253.607562193
 173.423938236 270.9134306 354.554397264 427.426241867 513.510600368
 530.72019204 507.551459989 499.058958426 429.824589127 344.592447537
 296.022350506 323.121218407 371.880121077 418.297550648 466.64244168
 504.916624232 526.516957155 448.722723699 362.575147156 276.345364296
 173.423944465 270.913438505 354.554400798 427.426236739 513.510597248
 530.720190053 507.551458788 499.058959116 429.824591159 344.592450164
 296.022352061 323.121218614 371.880119846 418.297547965 466.642441456
 504.916628072 526.516966489 448.722723451 362.575142951 276.345364163
 128.952195598 238.535169823 331.024640932 405.096640263 433.977867452
 481.884967356 525.415252259 479.471617201 429.11694026 367.868517833
 276.842487315 305.125749656 362.644363048 405.408743628 453.522450114
 483.829262119 484.088875416 420.162017074 342.043239439 253.607574036
 0.0 183.030998108 310.310422728 387.022057209 430.364965883
 444.935537876 439.348920175 421.802666498 382.885572805 359.238626548
 418.152675474 386.429725419 360.5400742 408.955319678 431.250649096
 443.360705176 446.77284495 407.026479924 346.999207641 267.506842635
 92.7707798429 206.619088207 302.646429121 379.970311725 416.154074117
 428.774492218 421.49802118 385.787655882 364.590658043 345.273247175
 310.719841084 332.113113972 376.10579196 433.183123113 448.545761908
 460.21177633 478.09837499 423.898864633 357.508415101 283.903574908
 133.245973255 234.203240309 341.390860908 446.808401083 466.901339687
 482.155497089 494.840554892 510.028875276 495.329945607 469.489034147
 450.785590868 471.668255264 502.193945726 527.695822154 524.483950501
 521.690652563 527.920162922 474.658392587 404.739240185 321.170349884
 92.7707842596 206.61909149 302.646434655 379.970320969 416.154069734
 428.774474637 421.497995478 385.787648489 364.590656858 345.273246773
 310.719841314 332.113112434 376.105788456 433.183118815 448.545761396
 460.211779258 478.09837947 423.898866263 357.50841551 283.903576423
 1.02996260698e-13 183.03100091 310.310423485 387.022052904 430.364970176
 444.935542127 439.348919832 421.80266623 382.885574167 354.240212265
 391.494452322 371.434476906 360.540077633 408.955320123 431.250648939
 443.360706492 446.772850367 407.02647626 346.999202915 267.506847484
 128.952197703 238.535170967 331.024641355 405.096640765 433.977875156
 481.884973318 525.415252079 479.471617422 429.11693847 367.868514024
 276.842485037 305.125749398 362.644363979 405.408743545 453.522450561
 483.829260951 484.088868753 420.162024783 342.043246878 253.607562193
 204.570423377 309.763936222 395.224328343 463.339588652 526.282508943
 564.82087954 578.471733639 539.131886572 489.387236205 431.746018549
 363.197433341 386.483357893 432.476322293 467.571832263 502.467681226
 534.889897084 563.412383179 480.237701139 385.091337874 286.837460079
 230.171620849 332.396131062 409.553758296 469.484451605 580.522734169
 611.006943573 587.035002633 540.45886129 512.094717386 480.365310773
 410.437624854 446.238712586 492.644311879 491.543139968 546.447371139
 590.016472955 599.156886904 524.71825725 426.606510522 309.001867555
 204.570417099 309.763914768 395.224310987 463.339589945 526.282505257
 564.820875631 578.471732684 539.13188969 489.387237281 431.746017254
 363.19743763 386.483356294 432.476314006 467.571823232 502.467675784
 534.889896182 563.412387074 480.23769932 385.091344715 286.837493373
 128.952179642 238.535161078 331.024637266 405.096639653 433.977867529
 481.88496544 525.415247117 479.471611266 429.116933813 367.86851156
 276.84248309 305.125750275 362.644366584 405.408743856 453.522449785
 483.829261469 484.088874023 420.162022934 342.043244188 253.607567142
 0.0 199.964773198 320.995738125 373.064465643 409.476943611
 418.896392691 410.471493562 396.691216095 393.902292736 411.973237777
 483.293589909 444.89032381 394.869734777 392.773611449 404.111365913
 415.457380718 422.908574893 389.870222607 345.629619688 292.256208046
 124.798159858 219.804481139 307.935007937 385.690647962 409.670104265
 426.995454591 438.315342168 439.478673921 457.290166758 466.25250558
 421.053722006 432.394360077 458.698188726 480.505086565 456.689370662
 453.428053336 496.32580682 425.741356309 362.19074179 317.879261315
 124.798167571 219.80448154 307.935004414 385.690643211 409.670095786
 426.995448861 438.315343142 439.478681078 457.290173686 466.252509279
 421.053721972 432.394360023 458.698190552 480.505092038 456.689374387
 453.428054855 496.325806974 425.741357574 362.190741561 317.879256312
 9.64346170979e-14 199.964780244 320.99574623 373.064469861 409.476946172
 418.896394966 410.471495811 396.691215019 393.902291287 407.952426664
 461.849267126 432.827891493 394.869733065 392.773609214 404.111366214
 415.457382626 422.908576029 389.870228158 345.629628188 292.25621728
 92.7707842596 223.545852582 323.536951316 396.111163499 456.317852823
 468.467133202 452.135678578 444.357524684 402.449171699 349.207952212
 308.753768971 327.749199459 357.784528486 372.531139959 405.016296868
 427.802158479 429.908843488 396.670512706 339.916695167 259.164464058
 173.423938236 270.9134306 354.554397264 427.426241867 513.510600368
 530.72019204 507.551459989 499.058958426 429.824589127 344.592447537
 296.022350506 323.121218407 371.880121077 418.297550648 466.64244168
 504.916624232 526.516957155 448.722723699 362.575147156 276.345364296
 230.171620849 332.396131062 409.553758296 469.484451605 580.522734169
 611.006943573 587.035002633 540.45886129 512.094717386 480.365310773
 410.437624854 446.238712586 492.644311879 491.543139968 546.447371139
 590.016472955 599.156886904 524.71825725 426.606510522 309.001867555
 230.171618132 332.396134324 409.553763086 469.484454117 580.522734502
 611.006943528 587.035002943 540.458859801 512.094714533 480.365307542
 410.437623883 446.238714712 492.644315475 491.543140814 546.447370596
 590.016471993 599.156886683 524.718257193 426.606508153 309.001860043
 173.423952437 270.913441842 354.554402051 427.426237906 513.510596103
 530.720190238 507.551461754 499.058960331 429.824591249 344.592449689
 296.022351962 323.121218523 371.880119342 418.297546347 466.64244254
 504.916630455 526.516966816 448.72272512 362.575143855 276.345361517
 92.7707794642 223.545854162 323.536957022 396.111170602 456.317851754
 468.467129737 452.135676941 444.357528247 402.449174879 349.207952893
 308.753768365 327.749199613 357.784529162 372.531139241 405.016304921
 427.802170518 429.9088489 396.670517456 339.916697414 259.164461074
 0.0 206.937496102 349.952513456 433.056663308 454.718755964
 460.994632744 455.137812738 435.441277484 485.374647542 561.855935844
 623.674869681 590.387751836 522.703875593 441.823877839 446.047105596
 459.452860443 462.793356668 443.054526471 390.671406279 302.447104497
 118.652070728 262.010816416 384.596958007 481.838600849 488.607329384
 499.826012918 516.355018855 546.794077703 600.003010409 634.73180828
 574.127010238 555.580845086 548.111733354 537.176414618 528.119784839
 533.175139569 560.263141817 504.636679462 436.151371208 360.705760129
 0.0 206.937513977 349.952526532 433.056654735 454.718756805
 460.994636613 455.137815781 435.441280447 485.374647652 557.132088719
 598.48103149 576.216216152 522.703874063 441.823883507 446.047107165
 459.45286318 462.793372285 443.054547998 390.671432862 302.447135813
 124.798167571 256.90628092 341.739286831 388.799219332 468.840518858
 473.227017372 441.869033165 473.979772478 468.762914315 445.533028869
 417.559863558 445.619507686 468.925868669 443.715196206 438.852268343
 433.072313887 419.905772998 396.758082861 345.890537175 263.653549526
 133.245973255 261.825809896 366.168983123 447.787910867 506.007287927
 524.56581119 520.592002905 529.024556028 513.964042539 486.868066407
 454.458424598 461.098190634 482.415106262 510.397258177 501.850548916
 487.800075159 475.570156008 456.082065054 393.326825664 280.798902026
 173.423944465 270.913438505 354.554400798 427.426236739 513.510597248
 530.720190053 507.551458788 499.058959116 429.824591159 344.592450164
 296.022352061 323.121218614 371.880119846 418.297547965 466.642441456
 504.916628072 526.516966489 448.722723451 362.575142951 276.345364163
 204.570417168 309.763932815 395.224327626 463.339589991 526.282505903
 564.820876139 578.471735221 539.131908719 489.387251237 431.746019342
 363.197437147 386.483359701 432.476320348 467.571825997 502.467676717
 534.88989683 563.412389407 480.237700228 385.0913395 286.837476858
 173.423952437 270.913441842 354.554402051 427.426237906 513.510596103
 530.720190238 507.551461754 499.058960331 429.824591249 344.592449689
 296.022351962 323.121218523 371.880119342 418.297546347 466.64244254
 504.916630455 526.516966816 448.72272512 362.575143855 276.345361517
 133.245990087 261.825816282 366.168985045 447.787912686 506.007280464
 524.565805451 520.592004063 529.0245547 513.964041798 486.868067238
 454.458425731 461.098192809 482.41510964 510.39726262 501.850554946
 487.800082866 475.570165381 456.082075613 393.326831757 280.798897104
 124.798168856 256.906287179 341.739290867 388.799215812 468.840517792
 473.227016266 441.869030864 473.979771197 468.762914376 445.533029844
 417.559863542 445.619508885 468.925869463 443.715191457 438.852264804
 433.072313358 419.905776391 396.758080444 345.890533063 263.653549463
 0.0 289.986874089 462.908494288 529.507211961 524.330853639
 547.814275136 583.19959144 585.527336051 623.123168225 660.578681287
 645.317445365 653.53503609 647.709574361 594.439036625 584.273935016
 566.920019106 525.524237081 527.118113651 496.40693441 423.826973246
 0.0 289.98687751 462.90850755 529.507238573 524.330869632
 547.81428347 583.199595168 585.5273418 623.123171332 659.098012713
 637.42054856 649.093029258 647.709571197 594.439038155 584.273939768
 566.920027196 525.524249123 527.118145216 496.406964175 423.826974822
 118.652070728 284.26775295 401.330319941 475.781602045 538.300936449
 545.677294453 524.097454084 532.812504053 543.064663168 553.055662689
 559.898931493 607.393612389 629.231722707 565.902846063 530.403815246
 506.287507722 492.287602314 484.962629404 432.957443715 328.176391348
 124.798159858 256.906281907 341.739289263 388.799217458 468.840518302
 473.227016482 441.8690307 473.979767284 468.762910806 445.533027843
 417.559861136 445.619503985 468.925863161 443.715187621 438.852264515
 433.072316478 419.905782388 396.758089333 345.890541169 263.653552499
 92.7707798429 223.545850151 323.536950397 396.111163352 456.31784946
 468.467129558 452.135676958 444.357527683 402.449175569 349.207954894
 308.753769146 327.749199556 357.784529288 372.53114159 405.016314119
 427.802182026 429.908854108 396.670509752 339.916687254 259.164461299
 128.952195598 238.535169823 331.024640932 405.096640263 433.977867452
 481.884967356 525.415252259 479.471617201 429.11694026 367.868517833
 276.842487315 305.125749656 362.644363048 405.408743628 453.522450114
 483.829262119 484.088875416 420.162017074 342.043239439 253.607574036
 128.952179642 238.535161078 331.024637266 405.096639653 433.977867529
 481.88496544 525.415247117 479.471611266 429.116933813 367.86851156
 276.84248309 305.125750275 362.644366584 405.408743856 453.522449785
 483.829261469 484.088874023 420.162022934 342.043244188 253.607567142
 92.7707794642 223.545854162 323.536957022 396.111170602 456.317851754
 468.467129737 452.135676941 444.357528247 402.449174879 349.207952893
 308.753768365 327.749199613 357.784529162 372.531139241 405.016304921
 427.802170518 429.9088489 396.670517456 339.916697414 259.164461074
 124.798168856 256.906287179 341.739290867 388.799215812 468.840517792
 473.227016266 441.869030864 473.979771197 468.762914376 445.533029844
 417.559863542 445.619508885 468.925869463 443.715191457 438.852264804
 433.072313358 419.905776391 396.758080444 345.890533063 263.653549463
 118.652061929 284.267720587 401.330291582 475.781599311 538.300935241
 545.67729453 524.097454272 532.812498707 543.064658929 553.055661093
 559.898927821 607.393613027 629.231727073 565.902848535 530.40381472
 506.287501708 492.287587155 484.962607737 432.957418371 328.176365373
