    2   14   14
 28.085 14.001
    1    1  0.0150  0.0000  0.0000
 -0.554772  -0.048610   0.000000
  0.000758   0.054195   0.000000
 -0.012818  -0.046362   0.000000
  0.034980   0.003194   0.000000
  0.090559  -0.031903   0.000000
  0.085920   0.034585   0.000000
  0.199207  -0.071297   0.000000
 -0.017035  -0.017837   0.000000
 -0.011771   0.018543   0.000000
  0.065943   0.031495   0.000000
 -0.007228  -0.018031   0.000000
 -0.009704   0.025482   0.000000
  0.183216   0.069374   0.000000
 -0.047256  -0.002827   0.000000
    1    2  0.0000  0.0150  0.0000
 -0.048783  -0.520259   0.000000
  0.068314   0.053401   0.000000
 -0.060484   0.066967   0.000000
  0.003196  -0.032864   0.000000
 -0.046194   0.039295   0.000000
  0.048873   0.043935   0.000000
 -0.056691   0.064080   0.000000
 -0.013793  -0.035466   0.000000
  0.013484   0.012149   0.000000
  0.029692   0.229223   0.000000
 -0.026479   0.003599   0.000000
  0.020587  -0.044891   0.000000
  0.062975   0.119062   0.000000
  0.005303   0.001771   0.000000
    1    3  0.0000  0.0000  0.0150
 -0.000001  -0.000012  -0.378225
  0.000012   0.000004  -0.000287
 -0.000012   0.000008  -0.000288
  0.000000   0.000006   0.000222
 -0.000005   0.000000   0.002896
  0.000004   0.000004   0.002903
 -0.000005  -0.000008   0.035257
  0.000007   0.000001  -0.003558
 -0.000004   0.000007   0.000440
 -0.000002  -0.000016   0.023479
  0.000007   0.000005  -0.000275
 -0.000005   0.000006   0.004877
  0.000001  -0.000005   0.309836
  0.000002   0.000001   0.002722
    7    1  0.0150  0.0000  0.0000
  0.199215  -0.056829   0.000000
  0.020026  -0.000184   0.000000
 -0.017156   0.017908   0.000000
 -0.007229  -0.026478   0.000000
  0.192409  -0.064074   0.000000
 -0.056048   0.001272   0.000000
 -0.496779   0.183846   0.000000
  0.010432  -0.002237   0.000000
  0.008606   0.003293   0.000000
  0.015026  -0.033494   0.000000
 -0.008242   0.010222   0.000000
  0.003144  -0.029839   0.000000
  0.065216  -0.005995   0.000000
  0.071380   0.002588   0.000000
    7    2  0.0000  0.0150  0.0000
 -0.071172   0.064099   0.000000
  0.004874  -0.019665   0.000000
  0.013872  -0.035343   0.000000
 -0.018031   0.003588   0.000000
 -0.057676   0.109907   0.000000
  0.006157   0.001447   0.000000
  0.183717  -0.215977   0.000000
 -0.004692   0.003997   0.000000
  0.005744   0.005818   0.000000
 -0.037696   0.040735   0.000000
  0.010224   0.016311   0.000000
 -0.030346   0.051139   0.000000
 -0.005491  -0.010918   0.000000
  0.000515  -0.015137   0.000000
    7    3  0.0000  0.0000  0.0150
  0.000006   0.000002   0.035276
 -0.000004  -0.000006   0.000447
  0.000004  -0.000004  -0.003547
 -0.000003   0.000002  -0.000273
 -0.000005   0.000008   0.309790
  0.000003   0.000003   0.004878
 -0.000010   0.000011  -0.404605
 -0.000001   0.000001   0.001069
  0.000001  -0.000004   0.001069
  0.000005  -0.000012  -0.004853
 -0.000003  -0.000005   0.006242
  0.000005  -0.000006   0.022982
  0.000003   0.000008   0.022978
  0.000000   0.000002   0.008546
   10    1  0.0150  0.0000  0.0000
  0.065943   0.029622   0.000000
  0.214857   0.054481   0.000000
  0.161777  -0.086921   0.000000
 -0.047264   0.005307   0.000000
 -0.009418   0.024681   0.000000
 -0.011562  -0.017783   0.000000
  0.015024  -0.037706   0.000000
  0.003479   0.026833   0.000000
  0.065151   0.004562   0.000000
 -0.551792   0.000002   0.000000
  0.071394   0.000542   0.000000
  0.007847  -0.039277   0.000000
  0.005130   0.035658   0.000000
  0.009433  -0.000001   0.000000
   10    2  0.0000  0.0000  0.0150
  0.000001   0.000003   0.023480
 -0.000003  -0.000001   0.023480
  0.000002  -0.000002   0.023480
  0.000001   0.000000   0.002717
  0.000000   0.000000   0.002717
  0.000000   0.000000   0.002717
  0.000000   0.000000  -0.004857
  0.000000   0.000000  -0.004857
  0.000000   0.000000  -0.004857
  0.000000   0.000000  -0.089723
  0.000000   0.000000   0.008536
  0.000000   0.000000   0.008536
  0.000000   0.000000   0.008536
  0.000000   0.000000   0.000093
