#alpha, with isotope
0.0 0.0 0.0
0.327851 0.003307 0.002926
0.655702 0.052942 0.046843
0.983554 0.348245 0.329073
1.311405 1.262962 1.251328
1.639256 2.685329 2.678041
1.967107 4.896668 5.069099
2.294958 7.755707 7.981239
2.622809 11.236397 11.565092
2.950661 15.247318 15.79088
3.278512 20.008299 20.901328
3.606363 25.265964 26.35893
3.934214 30.856487 32.541355
4.262065 36.488859 39.104783
4.589916 41.44353 46.024783
4.917768 45.808329 52.848621
5.245619 49.067408 59.620653
5.57347 51.417306 64.999975
5.901321 53.348052 69.860797
6.229172 55.177077 73.510613
6.557023 56.404812 75.673731
6.884875 57.554307 77.312311
7.212726 58.451513 78.500124
7.540577 59.278606 79.585157
7.868428 60.111516 80.459615
8.196279 60.863998 81.526027
8.52413 61.460568 82.61211
8.851982 62.081776 83.940969
9.179833 62.539638 85.45536
9.507684 62.9916 86.961988
9.835535 63.618352 88.483304
10.163386 64.097279 89.57187
10.491237 64.516585 90.76734
10.819089 64.907768 91.904675
11.14694 65.14778 93.117008
11.474791 65.311219 93.823963
11.802642 65.578332 94.491692
12.130493 65.892539 95.092124
12.458344 66.21292 95.688088
12.786196 66.419496 96.148144
13.114047 66.5778 96.458296
13.441898 66.738017 96.770288
13.769749 66.880463 97.100777
14.0976 67.047526 97.361539
14.425451 67.155536 97.637647
14.753303 67.228615 97.878433
15.081154 67.28925 98.107849
15.409005 67.395012 98.263658
15.736856 67.478293 98.349166
16.064707 67.545559 98.466645
16.392559 67.632209 98.633811
16.72041 67.713745 98.789458
17.048261 67.772012 98.930322
17.376112 67.824123 99.045521
17.703963 67.86911 99.171973
18.031814 67.908401 99.278143
18.359666 67.949061 99.380274
18.687517 67.977874 99.478885
19.015368 68.005061 99.549505
19.343219 68.040246 99.605917
19.67107 68.074814 99.658204
19.998921 68.091102 99.704776
20.326773 68.104386 99.726878
20.654624 68.115064 99.742316
20.982475 68.117116 99.744804
21.310326 68.117116 99.744804
21.638177 68.117116 99.744804
21.966028 68.117116 99.744804
22.29388 68.117116 99.744804
22.621731 68.117116 99.744804
22.949582 68.117116 99.744804
23.277433 68.117116 99.744804
23.605284 68.117116 99.744804
23.933135 68.117116 99.744804
24.260987 68.117116 99.744804
24.588838 68.11715 99.74483
24.916689 68.118834 99.750454
25.24454 68.120748 99.75569
25.572391 68.123264 99.761154
25.900242 68.127965 99.768833
26.228094 68.132312 99.773977
26.555945 68.136808 99.78147
26.883796 68.1392 99.793812
27.211647 68.142309 99.81031
27.539498 68.145445 99.821743
27.867349 68.149124 99.834371
28.195201 68.156095 99.84173
28.523052 68.162937 99.850172
28.850903 68.163878 99.862149
29.178754 68.168683 99.87164
29.506605 68.175209 99.881367
29.834456 68.184121 99.90407
30.162308 68.191886 99.923713
30.490159 68.200832 99.932432
30.81801 68.213816 99.938667
31.145861 68.225119 99.948818
31.473712 68.234429 99.960336
31.801563 68.238626 99.967549
32.129415 68.240458 99.970564
32.457266 68.240603 99.971018
#beta, with isotope
0.0 0.0 0.0
0.333143 0.002792 0.001954
0.666287 0.044742 0.031419
0.99943 0.286673 0.230975
1.332574 0.845548 0.747154
1.665717 1.782508 1.750043
1.998861 3.204679 3.957302
2.332004 5.102455 6.986311
2.665148 7.41168 10.674503
2.998291 10.089256 14.699611
3.331435 13.385306 19.779608
3.664578 17.019353 26.079307
3.997722 20.824839 33.684462
4.330865 24.127143 41.785371
4.664009 27.281808 49.465535
4.997152 30.310563 57.208008
5.330296 32.955303 64.58365
5.663439 35.202943 72.049621
5.996583 37.805651 79.150533
6.329726 40.568681 86.307083
6.66287 43.063044 94.186753
6.996013 45.33067 102.084397
7.329157 47.350198 109.613708
7.6623 49.269438 116.471421
7.995444 51.457346 122.995517
8.328587 53.356605 129.369625
8.661731 54.813792 135.425221
8.994874 55.820883 141.571413
9.328018 56.7118 147.559059
9.661161 57.898627 153.437058
9.994305 59.29382 158.816642
10.327448 60.865178 163.912631
10.660592 62.319775 168.229988
10.993735 63.651785 172.013217
11.326879 65.014348 175.781722
11.660022 66.297912 178.912392
11.993166 67.323701 181.458516
12.326309 68.048659 183.413697
12.659453 68.760418 185.484241
12.992596 69.38664 187.158433
13.32574 70.040533 188.617904
13.658883 70.63476 189.766734
13.992027 71.014634 190.5555
14.32517 71.203756 191.182584
14.658314 71.414924 191.731561
14.991457 71.612251 192.103894
15.324601 71.763708 192.511449
15.657744 71.9694 193.100768
15.990888 72.188112 193.753367
16.324031 72.322079 194.40217
16.657175 72.399538 194.952682
16.990318 72.482144 195.364828
17.323462 72.552759 195.635479
17.656605 72.607425 195.836334
17.989749 72.671848 196.119684
18.322892 72.717873 196.395462
18.656036 72.759634 196.703325
18.989179 72.81093 196.975504
19.322323 72.865808 197.278073
19.655466 72.911336 197.516705
19.98861 72.948056 197.757411
20.321753 72.976457 197.913173
20.654897 72.99438 197.996369
20.98804 73.000557 198.012369
21.321184 73.00072 198.01253
21.654327 73.00072 198.01253
21.987471 73.00072 198.01253
22.320614 73.00072 198.01253
22.653758 73.00072 198.01253
22.986901 73.00072 198.01253
23.320045 73.00072 198.01253
23.653188 73.00072 198.01253
23.986332 73.00072 198.01253
24.319475 73.00072 198.01253
24.652619 73.00072 198.01253
24.985762 73.004088 198.016421
25.318906 73.011773 198.039918
25.652049 73.020637 198.071509
25.985193 73.033547 198.096515
26.318336 73.04618 198.112692
26.65148 73.049855 198.126505
26.984623 73.054486 198.138513
27.317767 73.058448 198.161507
27.65091 73.059525 198.172759
27.984054 73.060238 198.217747
28.317197 73.0623 198.313872
28.650341 73.066884 198.425303
28.983484 73.080918 198.538507
29.316628 73.099103 198.637862
29.649771 73.112869 198.721725
29.982915 73.119593 198.787951
30.316058 73.124588 198.837487
30.649202 73.128126 198.875973
30.982345 73.131385 198.906292
31.315489 73.135956 198.932354
31.648632 73.140932 198.950233
31.981776 73.14548 198.960951
32.314919 73.147252 198.967605
32.648063 73.148206 198.972868
32.981206 73.148393 198.973672
#gamma, with isotope
-0.005231 0.0 0.0
0.299545 0.003955 0.003955
0.604322 0.063281 0.063281
0.909098 0.32036 0.32036
1.213874 1.145088 1.145088
1.51865 2.611117 2.611117
1.823427 4.889421 4.889421
2.128203 7.141661 7.141661
2.432979 9.365459 9.365459
2.737756 11.909238 11.909238
3.042532 14.79707 14.79707
3.347308 17.604427 17.604427
3.652084 20.456363 20.456363
3.956861 23.542445 23.542445
4.261637 26.47651 26.47651
4.566413 29.666326 29.666326
4.871189 32.355624 32.355624
5.175966 35.087955 35.087955
5.480742 37.883517 37.883517
5.785518 40.420143 40.420143
6.090294 42.892766 42.892766
6.395071 45.392633 45.392633
6.699847 47.957586 47.957586
7.004623 50.416684 50.416684
7.309399 52.618961 52.618961
7.614176 54.647289 54.647289
7.918952 56.499482 56.499482
8.223728 58.10083 58.10083
8.528504 59.512732 59.512732
8.833281 60.724075 60.724075
9.138057 61.694494 61.694494
9.442833 62.467597 62.467597
9.747609 63.16634 63.16634
10.052386 63.779709 63.779709
10.357162 64.509907 64.509907
10.661938 65.408679 65.408679
10.966714 66.411235 66.411235
11.271491 67.189019 67.189019
11.576267 67.915814 67.915814
11.881043 68.517773 68.517773
12.185819 68.910163 68.910163
12.490596 69.185727 69.185727
12.795372 69.860214 69.860214
13.100148 70.717125 70.717125
13.404925 71.66641 71.66641
13.709701 72.293966 72.293966
14.014477 72.831427 72.831427
14.319253 73.18768 73.18768
14.62403 73.551445 73.551445
14.928806 73.854148 73.854148
15.233582 74.304461 74.304461
15.538358 74.976193 74.976193
15.843135 75.701462 75.701462
16.147911 76.26336 76.26336
16.452687 76.79455 76.79455
16.757463 77.156067 77.156067
17.06224 77.422501 77.422501
17.367016 77.697884 77.697884
17.671792 78.009332 78.009332
17.976568 78.247051 78.247051
18.281345 78.423047 78.423047
18.586121 78.564766 78.564766
18.890897 78.675616 78.675616
19.195673 78.844305 78.844305
19.50045 79.103568 79.103568
19.805226 79.381035 79.381035
20.110002 79.557963 79.557963
20.414778 79.66448 79.66448
20.719555 79.726816 79.726816
21.024331 79.782325 79.782325
21.329107 79.828046 79.828046
21.633883 79.855637 79.855637
21.93866 79.879182 79.879182
22.243436 79.913235 79.913235
22.548212 79.959872 79.959872
22.852988 79.991196 79.991196
23.157765 80.001607 80.001607
23.462541 80.017561 80.017561
23.767317 80.028808 80.028808
24.072093 80.044217 80.044217
24.37687 80.051401 80.051401
24.681646 80.051908 80.051908
24.986422 80.052826 80.052826
25.291199 80.054396 80.054396
25.595975 80.056745 80.056745
25.900751 80.060366 80.060366
26.205527 80.064312 80.064312
26.510304 80.065987 80.065987
26.81508 80.067467 80.067467
27.119856 80.070227 80.070227
27.424632 80.073697 80.073697
27.729409 80.078081 80.078081
28.034185 80.084113 80.084113
28.338961 80.090237 80.090237
28.643737 80.095608 80.095608
28.948514 80.09826 80.09826
29.25329 80.099058 80.099058
29.558066 80.101928 80.101928
29.862842 80.102987 80.102987
30.167619 80.103255 80.103255
#alpha, without isotope
-0.013414 0.0 0.0
0.314624 0.004749 0.002958
0.642661 0.077049 0.047931
0.970699 0.564036 0.536015
1.298737 1.507239 1.459972
1.626775 3.126712 3.208265
1.954813 5.35247 5.518029
2.282851 8.143058 8.463509
2.610889 11.73592 12.120111
2.938926 15.723819 16.363578
3.266964 20.441929 21.248992
3.595002 25.610614 26.818855
3.92304 31.303026 32.944689
4.251078 37.022438 39.676856
4.579116 42.057892 46.555886
4.907153 46.305036 53.491573
5.235191 49.615436 60.18041
5.563229 52.256952 65.812631
5.891267 54.350829 70.880733
6.219305 56.465767 74.686545
6.547343 57.786357 76.866142
6.87538 59.024147 78.611933
7.203418 60.024511 79.802263
7.531456 60.941617 81.039326
7.859494 61.850505 81.931457
8.187532 62.694636 82.999001
8.51557 63.415126 84.080019
8.843608 64.075414 85.574126
9.171645 64.560099 87.186828
9.499683 65.101661 88.795009
9.827721 65.776859 90.466761
10.155759 66.35679 91.701653
10.483797 66.815784 92.896056
10.811835 67.267406 94.09464
11.139872 67.548405 95.486901
11.46791 67.726865 96.277955
11.795948 68.026752 96.949383
12.123986 68.384869 97.602426
12.452024 68.748593 98.266878
12.780062 68.980815 98.742693
13.108099 69.151738 99.069897
13.436137 69.317188 99.422043
13.764175 69.467621 99.756797
14.092213 69.650106 100.039257
14.420251 69.76653 100.341808
14.748289 69.848541 100.59898
15.076326 69.91193 100.841487
15.404364 70.019416 101.003132
15.732402 70.108014 101.088741
16.06044 70.181505 101.201552
16.388478 70.275751 101.37494
16.716516 70.367926 101.530464
17.044554 70.433474 101.679162
17.372591 70.487711 101.796162
17.700629 70.536406 101.927496
18.028667 70.57747 102.040969
18.356705 70.621556 102.151801
18.684743 70.652324 102.25707
19.012781 70.682255 102.333095
19.340818 70.722097 102.395209
19.668856 70.762455 102.453615
19.996894 70.78057 102.505061
20.324932 70.795994 102.530114
20.65297 70.808131 102.547831
20.981008 70.810373 102.550589
21.309045 70.810373 102.550589
21.637083 70.810373 102.550589
21.965121 70.810373 102.550589
22.293159 70.810373 102.550589
22.621197 70.810373 102.550589
22.949235 70.810373 102.550589
23.277273 70.810373 102.550589
23.60531 70.810373 102.550589
23.933348 70.810373 102.550589
24.261386 70.810373 102.550589
24.589424 70.810404 102.550619
24.917462 70.812471 102.55689
25.2455 70.814616 102.562637
25.573537 70.817558 102.568799
25.901575 70.822603 102.576731
26.229613 70.827164 102.582161
26.557651 70.83201 102.590077
26.885689 70.834625 102.603442
27.213727 70.838095 102.620914
27.541764 70.84155 102.633239
27.869802 70.845565 102.646103
28.19784 70.852913 102.654098
28.525878 70.860114 102.662751
28.853916 70.861123 102.67485
29.181954 70.866161 102.684632
29.509991 70.873356 102.695272
29.838029 70.883556 102.719142
30.166067 70.891622 102.73969
30.494105 70.901061 102.748539
30.822143 70.914134 102.755142
31.150181 70.926961 102.765555
31.478219 70.936548 102.777389
31.806256 70.94112 102.784519
32.134294 70.942733 102.787478
32.462332 70.942961 102.78803
#beta, without isotope
-0.004409 0.0 0.0
0.329018 0.004232 0.002411
0.662445 0.088636 0.051673
0.995871 0.396377 0.317994
1.329298 1.038 0.975517
1.662725 2.102586 2.755825
1.996152 3.479462 4.904795
2.329579 5.307693 7.609711
2.663006 7.658864 11.054531
2.996433 10.396485 15.459013
3.329859 13.71782 20.960605
3.663286 17.294241 27.082332
3.996713 20.989639 34.501473
4.33014 24.523512 42.568509
4.663567 27.719956 50.642476
4.996994 30.623109 58.134179
5.33042 33.248865 65.736245
5.663847 35.710422 73.1338
5.997274 38.34855 80.350375
6.330701 41.144459 87.794451
6.664128 43.690021 96.047143
6.997555 46.038997 104.327293
7.330982 48.102708 112.190479
7.664408 50.125545 119.759207
7.997835 52.486358 126.723912
8.331262 54.546511 133.582858
8.664689 56.126427 140.068957
8.998116 57.210833 146.630195
9.331543 58.180994 153.113627
9.664969 59.428838 159.611678
9.998396 60.970701 165.591479
10.331823 62.692246 171.129374
10.66525 64.431006 176.174711
10.998677 65.884075 180.317965
11.332104 67.360964 184.543192
11.665531 68.782777 187.91641
11.998957 69.87593 190.697767
12.332384 70.69052 192.899465
12.665811 71.440177 195.048904
12.999238 72.146364 196.963015
13.332665 72.854551 198.453295
13.666092 73.506353 199.696932
13.999518 73.899023 200.592735
14.332945 74.097919 201.231841
14.666372 74.320445 201.761889
14.999799 74.528914 202.190405
15.333226 74.701682 202.583833
15.666653 74.929074 203.183606
16.00008 75.158887 203.891785
16.333506 75.293511 204.514465
16.666933 75.367892 205.112128
17.00036 75.45254 205.526849
17.333787 75.533523 205.806881
17.667214 75.596469 206.040798
18.000641 75.664506 206.324091
18.334068 75.712982 206.634413
18.667494 75.757552 206.943665
19.000921 75.812484 207.248956
19.334348 75.872165 207.573691
19.667775 75.925519 207.879894
20.001202 75.96666 208.147879
20.334629 75.996862 208.325343
20.668055 76.015269 208.418009
21.001482 76.021417 208.433668
21.334909 76.021541 208.433801
21.668336 76.021541 208.433801
22.001763 76.021541 208.433801
22.33519 76.021541 208.433801
22.668617 76.021541 208.433801
23.002043 76.021541 208.433801
23.33547 76.021541 208.433801
23.668897 76.021541 208.433801
24.002324 76.021541 208.433801
24.335751 76.021541 208.433801
24.669178 76.021541 208.433801
25.002604 76.025535 208.44022
25.336031 76.03437 208.470602
25.669458 76.044569 208.503674
26.002885 76.058685 208.528868
26.336312 76.071319 208.545658
26.669739 76.074776 208.560143
27.003166 76.080224 208.57258
27.336592 76.084214 208.596261
27.670019 76.085276 208.606298
28.003446 76.086135 208.65703
28.336873 76.088322 208.754525
28.6703 76.093589 208.87591
29.003727 76.108684 208.992298
29.337153 76.128618 209.094754
29.67058 76.142941 209.179872
30.004007 76.15064 209.247897
30.337434 76.155531 209.299075
30.670861 76.159081 209.335883
31.004288 76.162478 209.36781
31.337715 76.167125 209.393546
31.671141 76.172179 209.410681
32.004568 76.17667 209.421079
32.337995 76.178373 209.427682
32.671422 76.179436 209.432661
33.004849 76.179551 209.433482
#gamma, without isotope
-0.005231 0.0 0.0
0.299545 0.003954 0.003954
0.604322 0.063267 0.063267
0.909098 0.320289 0.320289
1.213874 1.144859 1.144859
1.51865 2.610906 2.610906
1.823427 4.88974 4.88974
2.128203 7.142969 7.142969
2.432979 9.368118 9.368118
2.737756 11.914044 11.914044
3.042532 14.805276 14.805276
3.347308 17.617335 17.617335
3.652084 20.475282 20.475282
3.956861 23.569433 23.569433
4.261637 26.512812 26.512812
4.566413 29.715274 29.715274
4.871189 32.416727 32.416727
5.175966 35.163739 35.163739
5.480742 37.97667 37.97667
5.785518 40.531275 40.531275
6.090294 43.024409 43.024409
6.395071 45.550343 45.550343
6.699847 48.148622 48.148622
7.004623 50.643835 50.643835
7.309399 52.879977 52.879977
7.614176 54.941305 54.941305
7.918952 56.826974 56.826974
8.223728 58.462132 58.462132
8.528504 59.91043 59.91043
8.833281 61.162319 61.162319
9.138057 62.201712 62.201712
9.442833 63.131025 63.131025
9.747609 63.9363 63.9363
10.052386 64.582542 64.582542
10.357162 65.350718 65.350718
10.661938 66.315606 66.315606
10.966714 67.47422 67.47422
11.271491 68.347512 68.347512
11.576267 69.138975 69.138975
11.881043 69.82142 69.82142
12.185819 70.339147 70.339147
12.490596 70.682957 70.682957
12.795372 71.406145 71.406145
13.100148 72.310961 72.310961
13.404925 73.316792 73.316792
13.709701 73.997172 73.997172
14.014477 74.614623 74.614623
14.319253 75.00099 75.00099
14.62403 75.400114 75.400114
14.928806 75.733312 75.733312
15.233582 76.24474 76.24474
15.538358 76.9785 76.9785
15.843135 77.754079 77.754079
16.147911 78.350992 78.350992
16.452687 78.919323 78.919323
16.757463 79.304294 79.304294
17.06224 79.591322 79.591322
17.367016 79.892443 79.892443
17.671792 80.228039 80.228039
17.976568 80.489966 80.489966
18.281345 80.684921 80.684921
18.586121 80.836268 80.836268
18.890897 80.952704 80.952704
19.195673 81.131044 81.131044
19.50045 81.406666 81.406666
19.805226 81.70082 81.70082
20.110002 81.885753 81.885753
20.414778 81.995403 81.995403
20.719555 82.059296 82.059296
21.024331 82.116488 82.116488
21.329107 82.163065 82.163065
21.633883 82.190963 82.190963
21.93866 82.214877 82.214877
22.243436 82.250397 82.250397
22.548212 82.299753 82.299753
22.852988 82.332056 82.332056
23.157765 82.342613 82.342613
23.462541 82.359204 82.359204
23.767317 82.370595 82.370595
24.072093 82.386225 82.386225
24.37687 82.393474 82.393474
24.681646 82.393982 82.393982
24.986422 82.394901 82.394901
25.291199 82.396471 82.396471
25.595975 82.398826 82.398826
25.900751 82.40246 82.40246
26.205527 82.406433 82.406433
26.510304 82.408112 82.408112
26.81508 82.409593 82.409593
27.119856 82.412355 82.412355
27.424632 82.41583 82.41583
27.729409 82.420226 82.420226
28.034185 82.426302 82.426302
28.338961 82.432529 82.432529
28.643737 82.437968 82.437968
28.948514 82.440641 82.440641
29.25329 82.441443 82.441443
29.558066 82.444392 82.444392
29.862842 82.445457 82.445457
30.167619 82.445726 82.445726
