    2   28   22
 28.085 14.001
    1    1  0.0150  0.0000  0.0000
 -0.495380  -0.017118   0.031809
  0.076772   0.004643   0.000128
 -0.016515   0.049222   0.001481
  0.048405   0.007395  -0.053751
 -0.007806   0.016213  -0.013573
  0.013972   0.002141   0.011197
 -0.002217  -0.019441  -0.000670
 -0.025923  -0.003563  -0.001519
  0.014709   0.000188   0.000469
 -0.005246  -0.012902  -0.007182
  0.004851  -0.002941   0.003214
  0.042298  -0.036588   0.039706
  0.150328   0.080793   0.000308
 -0.006179  -0.015979  -0.001794
  0.172306  -0.073065  -0.007714
 -0.014851   0.008972  -0.002332
  0.049427   0.000356   0.015926
  0.008772  -0.006328  -0.005826
 -0.026709   0.000284   0.000752
 -0.005341  -0.011129   0.005765
  0.001503   0.000393   0.000482
 -0.000824   0.005008  -0.000095
  0.005101   0.001593  -0.001497
 -0.000073   0.006042   0.002069
  0.039243   0.001813  -0.014501
 -0.026596   0.001735  -0.003047
  0.013119  -0.003859   0.004321
 -0.007148   0.016123  -0.004123
    1    2  0.0000  0.0150  0.0000
 -0.017185  -0.520002  -0.016183
  0.028271  -0.028602   0.000152
  0.025588   0.064677   0.001736
 -0.003435  -0.025184   0.026461
  0.038393   0.036990  -0.015754
 -0.006821   0.009252   0.004378
 -0.045168  -0.039510   0.002679
  0.003549   0.006279   0.000105
 -0.001936   0.015718  -0.000680
 -0.022726   0.016955  -0.003219
  0.004671   0.065035   0.015937
 -0.019620   0.030354  -0.017023
  0.079371   0.128725  -0.000720
 -0.018695  -0.022867   0.000202
 -0.073968   0.084034  -0.002720
  0.005941   0.007702   0.000037
  0.002017   0.108582  -0.089997
  0.000250  -0.014366  -0.004069
 -0.003106   0.000102  -0.010311
 -0.012063   0.006026  -0.004759
  0.007247   0.015283  -0.000009
 -0.003029  -0.017013   0.000012
  0.021630  -0.006307  -0.002122
 -0.001671   0.002048  -0.000514
  0.002686   0.118382   0.102029
 -0.004125  -0.006647   0.009871
  0.003852  -0.015265   0.004218
  0.010082  -0.020384   0.000264
    1    3  0.0000  0.0000  0.0150
  0.031788  -0.016172  -0.497218
 -0.002246   0.000422  -0.000199
  0.000069  -0.000178  -0.000202
 -0.029378   0.019028   0.007854
 -0.037835  -0.038952   0.013225
 -0.000984  -0.001540  -0.001087
  0.002652   0.000764   0.117192
 -0.001527  -0.000104   0.013589
  0.000357  -0.000741  -0.006351
 -0.015074   0.003615  -0.000451
  0.012356   0.049847  -0.009353
  0.012901  -0.000870  -0.002008
  0.001451  -0.000406   0.032744
  0.002452   0.001477   0.008931
 -0.004987  -0.004915   0.054796
  0.001235   0.000725   0.005174
  0.014083  -0.078792   0.143059
  0.000021   0.000109  -0.000232
  0.001092  -0.002896   0.001663
  0.015440   0.000617  -0.001964
 -0.000733  -0.000767  -0.009291
  0.000467  -0.001653  -0.011272
  0.005095  -0.000192  -0.018921
 -0.001875  -0.001245  -0.007817
 -0.014583   0.090802   0.161410
 -0.001030  -0.001157   0.002922
  0.002056   0.001606   0.000338
  0.006736  -0.018433   0.003469
    4    1  0.0150  0.0000  0.0000
  0.048407  -0.003434  -0.029379
  0.049437   0.016829   0.052671
  0.012462  -0.001263  -0.000841
 -0.500868  -0.034401  -0.009586
 -0.019383  -0.030434   0.008292
  0.006553   0.045394  -0.006065
  0.026845   0.005618   0.010693
  0.042301   0.019622   0.012903
  0.050737  -0.029433  -0.049363
  0.004746   0.012588   0.004640
 -0.013636  -0.012873  -0.006282
 -0.056738   0.012096   0.007199
 -0.022414  -0.001554  -0.003141
  0.001809   0.006209  -0.003003
  0.089647   0.007579  -0.070900
 -0.006988  -0.019580  -0.010572
 -0.015625   0.018982  -0.002659
 -0.006496  -0.006065   0.004585
  0.185719  -0.056582   0.021213
  0.056686   0.015321  -0.004852
 -0.026098  -0.002409   0.003818
  0.002246   0.012880   0.009139
 -0.008088  -0.007316   0.002215
  0.089876   0.042187   0.060276
 -0.005792   0.004117   0.003320
  0.009408   0.001583   0.003153
 -0.006310  -0.005692  -0.003401
  0.011555  -0.009966  -0.004074
    4    2  0.0000  0.0150  0.0000
  0.007387  -0.025187   0.019020
 -0.005343  -0.020260  -0.013302
  0.007696   0.010763   0.001611
 -0.034575  -0.489248  -0.016497
 -0.047333   0.060088   0.005732
  0.062295   0.034166   0.010209
 -0.004203  -0.015119  -0.011240
  0.036585   0.030349   0.000881
 -0.021826   0.019145   0.014236
  0.006959   0.016034  -0.000628
 -0.016215   0.003151   0.001189
 -0.012087   0.010307   0.013008
  0.002763   0.001062   0.001113
  0.007255  -0.014144  -0.011180
  0.002553   0.054233  -0.035824
 -0.011290   0.005359  -0.006283
  0.020089   0.005657  -0.003893
 -0.011459  -0.023260   0.002569
 -0.051021   0.064564  -0.000489
  0.022477   0.226056  -0.040360
 -0.002876  -0.000443   0.000245
  0.011448  -0.018954   0.003492
 -0.013020  -0.001090   0.004967
  0.039712   0.077951   0.060019
 -0.002757   0.009095   0.004857
  0.008253   0.001577  -0.000775
 -0.004879  -0.010873  -0.002423
  0.003411  -0.010978  -0.000254
    4    3  0.0000  0.0000  0.0150
 -0.053747   0.026449   0.007860
  0.020423  -0.003889   0.013235
 -0.001811  -0.011889  -0.001085
 -0.009487  -0.016583  -0.478485
  0.011883   0.000144  -0.004408
 -0.009116   0.004313  -0.004410
  0.000806  -0.007837  -0.000453
  0.039689   0.017015  -0.002009
 -0.015411   0.005184  -0.009363
 -0.002871   0.003706   0.004450
  0.002111   0.006033  -0.002156
  0.007207  -0.012997   0.114943
  0.019533   0.001749  -0.000156
 -0.005484   0.001465   0.004617
 -0.055835  -0.026677   0.152819
  0.001025  -0.004537   0.000395
  0.003034  -0.005091   0.012983
 -0.002482   0.002853   0.007762
  0.017389  -0.000796   0.058530
 -0.007977  -0.038774   0.044690
 -0.018513   0.001104   0.003121
 -0.001205   0.000470   0.001623
  0.005189  -0.001226  -0.000908
  0.052627   0.063054   0.129160
  0.005240  -0.004304  -0.009557
  0.003316   0.002449  -0.019581
 -0.004941  -0.002325  -0.011441
 -0.000591   0.000934  -0.012179
   13    1  0.0150  0.0000  0.0000
  0.150310   0.079422   0.001454
  0.203613  -0.050100  -0.000376
  0.064855  -0.031325  -0.001075
 -0.022420   0.002761   0.019529
 -0.005329  -0.008317  -0.008246
 -0.004284   0.012027  -0.011281
  0.008529   0.004457  -0.000295
  0.001505  -0.007251  -0.000733
  0.015152  -0.007476   0.001026
 -0.004567   0.010027   0.010217
 -0.009148  -0.012203   0.008293
 -0.026104   0.002879  -0.018511
 -0.529091  -0.000004  -0.000001
  0.006675   0.026117   0.002387
  0.045518   0.004159  -0.003440
  0.007078  -0.018492   0.001052
  0.005958   0.014981  -0.004446
  0.002941  -0.020946  -0.005587
  0.035562  -0.005594   0.010024
  0.004017  -0.001976  -0.000002
 -0.017357   0.000743   0.000000
 -0.000046   0.008524  -0.000539
  0.000755  -0.004943   0.000757
  0.012023   0.002481  -0.000217
  0.002260   0.017107   0.002073
  0.038176   0.002293  -0.009679
  0.007396  -0.021397   0.007612
  0.006024   0.002046   0.000002
   13    2  0.0000  0.0000  0.0150
  0.000293  -0.000725   0.032770
  0.000481   0.000616   0.032770
 -0.000774   0.000109   0.032770
 -0.003146   0.001116  -0.000156
  0.002539   0.002167  -0.000156
  0.000607  -0.003282  -0.000156
 -0.000248   0.000416  -0.009297
  0.000484   0.000006  -0.009297
 -0.000237  -0.000423  -0.009297
 -0.001701   0.003433   0.003121
 -0.002123  -0.003189   0.003121
  0.003824  -0.000244   0.003121
  0.000000   0.000000  -0.148271
  0.001719   0.001241  -0.007106
 -0.001934   0.000868  -0.007106
  0.000215  -0.002109  -0.007106
 -0.009972  -0.013849   0.004320
 -0.007008   0.015561   0.004320
  0.016980  -0.001712   0.004320
  0.000000   0.000000   0.000126
  0.000000   0.000000   0.060520
  0.000342  -0.000024   0.003300
 -0.000191  -0.000284   0.003300
 -0.000150   0.000308   0.003300
  0.007750   0.016872   0.002496
 -0.018487  -0.001724   0.002496
  0.010737  -0.015148   0.002496
  0.000000   0.000000  -0.000718
   14    1  0.0150  0.0000  0.0000
 -0.006161  -0.018704   0.002458
  0.008525   0.004527  -0.001241
  0.169767   0.074462  -0.001740
  0.001807   0.007262  -0.005485
  0.058716   0.010280   0.004774
 -0.011105   0.017215   0.003419
 -0.013821  -0.002501  -0.001676
  0.005118  -0.021622   0.005088
  0.003422   0.004043   0.002006
 -0.024193  -0.002381   0.001003
  0.116413   0.026896  -0.080844
 -0.008092   0.013025   0.005192
  0.006677   0.018237   0.001711
 -0.435812  -0.161337   0.096824
  0.000314   0.000632   0.000582
  0.004878  -0.003267   0.001308
  0.011730   0.024940   0.017743
  0.029684   0.010572  -0.023664
  0.001309  -0.006694   0.001854
 -0.001393  -0.017777  -0.010882
  0.000752   0.008987  -0.000198
 -0.009657  -0.001423   0.003686
  0.009819  -0.003280  -0.003268
  0.005728   0.003578  -0.002588
  0.012353   0.014453  -0.013055
 -0.000319  -0.006720  -0.001965
  0.026644   0.009736   0.017065
  0.036899  -0.003137  -0.018106
   14    2  0.0000  0.0150  0.0000
 -0.015973  -0.022892   0.001472
  0.007544  -0.015672   0.000713
  0.075366   0.086471   0.006776
  0.006213  -0.014149   0.001454
  0.015322   0.085183   0.061537
  0.008913   0.009476   0.003166
 -0.010534  -0.004031  -0.000423
 -0.001583  -0.006335   0.000193
 -0.003703  -0.001439   0.000996
 -0.003819   0.007483  -0.000817
  0.024380   0.051465  -0.013999
  0.007336  -0.001095   0.001241
  0.026121   0.032838   0.001241
 -0.161206  -0.255530  -0.083524
 -0.000784   0.006337  -0.001716
 -0.001855   0.001733  -0.001057
  0.018182   0.019796   0.018062
  0.007944  -0.006039  -0.004473
 -0.008144   0.008964  -0.004990
 -0.014647   0.013194   0.017238
  0.004950   0.007741   0.000285
 -0.003197  -0.012333   0.003226
  0.003292  -0.002964  -0.000109
 -0.000314   0.003850   0.000590
  0.020473   0.014155  -0.015895
 -0.006546   0.006682   0.004930
  0.007721  -0.004398   0.004092
 -0.001450  -0.008492  -0.000209
   14    3  0.0000  0.0000  0.0150
 -0.001812   0.000193   0.008943
  0.001136  -0.002047   0.005184
  0.001475   0.008009   0.054824
 -0.003000  -0.011185   0.004622
  0.004459   0.079441   0.152760
  0.010732  -0.006018   0.000394
  0.000055  -0.000079  -0.011276
 -0.001506   0.002120  -0.018924
 -0.000605  -0.002069  -0.007814
 -0.001550   0.009660   0.001624
 -0.082172  -0.022225   0.129116
  0.002212  -0.004964  -0.000908
  0.002386   0.002592  -0.007108
  0.096847  -0.083595  -0.451093
  0.000262   0.001655  -0.003892
 -0.001774   0.000353  -0.003891
  0.008151   0.009014   0.005987
 -0.028117  -0.006379   0.014899
 -0.000373   0.000579   0.000813
 -0.007214   0.018754   0.013911
  0.000755  -0.000187   0.003305
  0.000955   0.004803   0.074009
 -0.003267   0.000112   0.005163
  0.000782   0.002532   0.006200
 -0.012628  -0.009340   0.007570
 -0.003482   0.005995   0.003202
  0.021453   0.004664   0.011491
 -0.004161  -0.002389   0.000890
   17    1  0.0150  0.0000  0.0000
  0.049425   0.002026   0.014066
 -0.011212  -0.005202  -0.000104
 -0.005382  -0.012607  -0.003052
 -0.015625   0.020087   0.003042
  0.141396   0.082043  -0.009397
 -0.026652  -0.005563  -0.001219
  0.096632   0.034977   0.085795
  0.013100  -0.003857   0.002055
 -0.012677  -0.006309   0.001514
  0.004778   0.010235  -0.006343
  0.007808   0.002521  -0.003784
 -0.006314   0.004879  -0.004945
  0.005950   0.022679  -0.009971
  0.011730   0.018151   0.008182
  0.010915  -0.021412   0.019588
  0.013460  -0.000320   0.000687
 -0.372472  -0.161680  -0.120318
  0.002434   0.004401  -0.000494
  0.008070  -0.001139   0.000396
  0.059901   0.012909  -0.005021
  0.007390   0.020064   0.010736
 -0.001432   0.006498  -0.001804
  0.026641  -0.007718   0.021449
 -0.000815  -0.006437  -0.003458
 -0.012098  -0.003799  -0.000248
  0.006178   0.001883   0.000210
 -0.000369  -0.000751   0.002169
 -0.000759  -0.006559   0.000270
   17    2  0.0000  0.0150  0.0000
  0.000353   0.108577  -0.078639
 -0.011802   0.005627  -0.000036
 -0.009211  -0.021245   0.000494
  0.018972   0.005663  -0.005090
  0.076568   0.108731  -0.014678
 -0.000190  -0.003110  -0.003585
  0.035811   0.060990   0.032670
  0.003861  -0.015269  -0.001590
 -0.012178  -0.020589   0.000315
  0.003354  -0.001475   0.002389
  0.009193   0.003205  -0.001638
  0.005689  -0.010892   0.002324
  0.014998   0.023708  -0.013878
  0.024953   0.019827   0.009043
 -0.018786   0.012749  -0.021167
  0.001119  -0.003211   0.000028
 -0.161604  -0.331756   0.091667
  0.001469   0.006559  -0.001136
  0.001781   0.000923   0.001928
  0.006369  -0.006072   0.001198
  0.021417   0.024523   0.015179
  0.012507   0.027965  -0.015625
 -0.009720  -0.004404  -0.004650
 -0.006258   0.007156   0.006026
 -0.003757  -0.016492  -0.002732
  0.000687   0.004690  -0.003004
  0.000751   0.006872   0.001972
 -0.006344   0.006751   0.002218
   17    3  0.0000  0.0000  0.0150
  0.015919  -0.090089   0.142996
  0.006431  -0.002994  -0.000234
 -0.009328   0.004477   0.001661
 -0.002631  -0.003891   0.012999
 -0.011004  -0.018072   0.058559
 -0.004521   0.002689   0.007783
  0.095690   0.038496   0.161330
  0.004300  -0.004236   0.000339
 -0.007053   0.007553   0.002924
  0.002537   0.005322  -0.009572
 -0.000897  -0.003114  -0.019573
 -0.003395   0.002418  -0.011460
 -0.004441  -0.009018   0.004324
  0.017740   0.018060   0.005981
  0.015695  -0.018288   0.014897
 -0.005243   0.000893   0.000810
 -0.120457   0.091696  -0.488015
  0.001476  -0.001314  -0.003616
  0.001233   0.000141  -0.003615
 -0.008694  -0.001131  -0.010020
  0.007623   0.006795   0.002501
 -0.007226  -0.019258   0.007565
  0.017089  -0.004077   0.011498
 -0.003289   0.004160   0.003204
 -0.002254  -0.001575   0.091493
  0.002499  -0.001688   0.005144
  0.002177  -0.001983   0.004507
  0.000023  -0.001973   0.005590
   20    1  0.0150  0.0000  0.0000
 -0.005326  -0.012069   0.015428
 -0.006860   0.010244  -0.008248
  0.013228   0.000419  -0.007188
  0.056706   0.022403  -0.007966
  0.167195  -0.079198  -0.029605
  0.200009   0.067424   0.037617
 -0.028418   0.003839  -0.019335
 -0.007142  -0.010084   0.006746
 -0.005729   0.015312   0.012593
 -0.002492  -0.018097   0.001096
 -0.008184   0.001421  -0.000517
  0.011565  -0.003413  -0.000596
  0.004016   0.001979  -0.000001
 -0.001393  -0.014628  -0.007221
 -0.004481   0.015995  -0.012630
  0.023587   0.003354   0.019854
  0.059909   0.006330  -0.008678
  0.002101   0.020464   0.003374
  0.018774  -0.036655   0.005329
 -0.547725   0.000000  -0.000028
  0.006024   0.002046   0.000000
  0.004871  -0.021641   0.000014
  0.036911   0.001466  -0.004170
  0.000883   0.017662   0.004151
  0.010467  -0.000084  -0.001728
 -0.000707  -0.006600   0.001691
 -0.000768   0.006332   0.000022
  0.002979   0.005781  -0.000002
   20    2  0.0000  0.0000  0.0150
  0.005762  -0.004761  -0.001947
  0.001242   0.007370  -0.001947
 -0.007004  -0.002610  -0.001947
 -0.004863  -0.040265   0.044688
 -0.032439   0.024344   0.044688
  0.037302   0.015921   0.044688
  0.002283  -0.003441   0.003466
 -0.004121  -0.000257   0.003466
  0.001838   0.003698   0.003466
  0.001817  -0.003650  -0.012166
  0.002252   0.003398  -0.012166
 -0.004069   0.000251  -0.012166
  0.000000   0.000000   0.000125
 -0.010889   0.017241   0.013933
 -0.009486  -0.018051   0.013933
  0.020375   0.000810   0.013933
 -0.005023   0.001196  -0.010015
  0.003547   0.003751  -0.010015
  0.001475  -0.004948  -0.010015
  0.000000   0.000000  -0.136670
  0.000000   0.000000  -0.000706
  0.008869  -0.015771   0.000880
 -0.018093   0.000205   0.000880
  0.009224   0.015567   0.000880
  0.001791   0.001340   0.005590
 -0.002056   0.000881   0.005590
  0.000265  -0.002221   0.005590
  0.000000   0.000000   0.003963
