#x,y,dens
0.0, 0.0, 0.124913
0.1, 0.0, 0.128514
0.2, 0.0, 0.132310
0.3, 0.0, 0.136249
0.4, 0.0, 0.140262
0.5, 0.0, 0.144276
0.6, 0.0, 0.148205
0.7, 0.0, 0.151961
0.8, 0.0, 0.155452
0.9, 0.0, 0.158590
1.0, 0.0, 0.161290
1.1, 0.0, 0.163477
1.2, 0.0, 0.165090
1.3, 0.0, 0.166080
1.4, 0.0, 0.166420
1.5, 0.0, 0.166100
1.6, 0.0, 0.165129
1.7, 0.0, 0.163537
1.8, 0.0, 0.161371
1.9, 0.0, 0.158693
2.0, 0.0, 0.155579
2.1, 0.0, 0.152113
2.2, 0.0, 0.148384
2.3, 0.0, 0.144483
2.4, 0.0, 0.140499
2.5, 0.0, 0.136515
2.6, 0.0, 0.132607
2.7, 0.0, 0.128840
2.8, 0.0, 0.125269
2.9, 0.0, 0.121934
3.0, 0.0, 0.118866
3.1, 0.0, 0.116082
3.2, 0.0, 0.113590
3.3, 0.0, 0.111387
3.4, 0.0, 0.109465
3.5, 0.0, 0.107807
3.6, 0.0, 0.106394
3.7, 0.0, 0.105202
3.8, 0.0, 0.104208
3.9, 0.0, 0.103386
4.0, 0.0, 0.102714
4.1, 0.0, 0.102168
4.2, 0.0, 0.101728
4.3, 0.0, 0.101375
4.4, 0.0, 0.101094
4.5, 0.0, 0.100871
4.6, 0.0, 0.100695
4.7, 0.0, 0.100555
4.8, 0.0, 0.100444
4.9, 0.0, 0.100356
5.0, 0.0, 0.100286
0.0, 0.1, 0.129090
0.1, 0.1, 0.133294
0.2, 0.1, 0.137728
0.3, 0.1, 0.142327
0.4, 0.1, 0.147013
0.5, 0.1, 0.151700
0.6, 0.1, 0.156288
0.7, 0.1, 0.160674
0.8, 0.1, 0.164751
0.9, 0.1, 0.168416
1.0, 0.1, 0.171570
1.1, 0.1, 0.174125
1.2, 0.1, 0.176009
1.3, 0.1, 0.177167
1.4, 0.1, 0.177566
1.5, 0.1, 0.177194
1.6, 0.1, 0.176063
1.7, 0.1, 0.174208
1.8, 0.1, 0.171682
1.9, 0.1, 0.168560
2.0, 0.1, 0.164929
2.1, 0.1, 0.160887
2.2, 0.1, 0.156538
2.3, 0.1, 0.151989
2.4, 0.1, 0.147344
2.5, 0.1, 0.142699
2.6, 0.1, 0.138143
2.7, 0.1, 0.133751
2.8, 0.1, 0.129588
2.9, 0.1, 0.125700
3.0, 0.1, 0.122123
3.1, 0.1, 0.118878
3.2, 0.1, 0.115973
3.3, 0.1, 0.113405
3.4, 0.1, 0.111163
3.5, 0.1, 0.109229
3.6, 0.1, 0.107579
3.7, 0.1, 0.106187
3.8, 0.1, 0.105024
3.9, 0.1, 0.104062
4.0, 0.1, 0.103273
4.1, 0.1, 0.102631
4.2, 0.1, 0.102112
4.3, 0.1, 0.101694
4.4, 0.1, 0.101360
4.5, 0.1, 0.101093
4.6, 0.1, 0.100880
4.7, 0.1, 0.100710
4.8, 0.1, 0.100574
4.9, 0.1, 0.100465
5.0, 0.1, 0.100377
0.0, 0.2, 0.133629
0.1, 0.2, 0.138490
0.2, 0.2, 0.143615
0.3, 0.2, 0.148932
0.4, 0.2, 0.154350
0.5, 0.2, 0.159768
0.6, 0.2, 0.165073
0.7, 0.2, 0.170144
0.8, 0.2, 0.174858
0.9, 0.2, 0.179096
1.0, 0.2, 0.182743
1.1, 0.2, 0.185698
1.2, 0.2, 0.187878
1.3, 0.2, 0.189220
1.4, 0.2, 0.189683
1.5, 0.2, 0.189257
1.6, 0.2, 0.187953
1.7, 0.2, 0.185813
1.8, 0.2, 0.182898
1.9, 0.2, 0.179295
2.0, 0.2, 0.175104
2.1, 0.2, 0.170438
2.2, 0.2, 0.165419
2.3, 0.2, 0.160169
2.4, 0.2, 0.154807
2.5, 0.2, 0.149447
2.6, 0.2, 0.144189
2.7, 0.2, 0.139122
2.8, 0.2, 0.134318
2.9, 0.2, 0.129833
3.0, 0.2, 0.125706
3.1, 0.2, 0.121962
3.2, 0.2, 0.118609
3.3, 0.2, 0.115646
3.4, 0.2, 0.113058
3.5, 0.2, 0.110825
3.6, 0.2, 0.108918
3.7, 0.2, 0.107308
3.8, 0.2, 0.105962
3.9, 0.2, 0.104846
4.0, 0.2, 0.103929
4.1, 0.2, 0.103180
4.2, 0.2, 0.102572
4.3, 0.2, 0.102081
4.4, 0.2, 0.101686
4.5, 0.2, 0.101368
4.6, 0.2, 0.101112
4.7, 0.2, 0.100906
4.8, 0.2, 0.100740
4.9, 0.2, 0.100605
5.0, 0.2, 0.100494
0.0, 0.3, 0.138490
0.1, 0.3, 0.144054
0.2, 0.3, 0.149920
0.3, 0.3, 0.156005
0.4, 0.3, 0.162207
0.5, 0.3, 0.168409
0.6, 0.3, 0.174481
0.7, 0.3, 0.180285
0.8, 0.3, 0.185682
0.9, 0.3, 0.190533
1.0, 0.3, 0.194709
1.1, 0.3, 0.198094
1.2, 0.3, 0.200592
1.3, 0.3, 0.202130
1.4, 0.3, 0.202665
1.5, 0.3, 0.202181
1.6, 0.3, 0.200695
1.7, 0.3, 0.198251
1.8, 0.3, 0.194923
1.9, 0.3, 0.190807
2.0, 0.3, 0.186019
2.1, 0.3, 0.180689
2.2, 0.3, 0.174955
2.3, 0.3, 0.168958
2.4, 0.3, 0.162834
2.5, 0.3, 0.156711
2.6, 0.3, 0.150707
2.7, 0.3, 0.144920
2.8, 0.3, 0.139434
2.9, 0.3, 0.134313
3.0, 0.3, 0.129601
3.1, 0.3, 0.125326
3.2, 0.3, 0.121497
3.3, 0.3, 0.118113
3.4, 0.3, 0.115156
3.5, 0.3, 0.112603
3.6, 0.3, 0.110422
3.7, 0.3, 0.108578
3.8, 0.3, 0.107034
3.9, 0.3, 0.105752
4.0, 0.3, 0.104695
4.1, 0.3, 0.103829
4.2, 0.3, 0.103123
4.3, 0.3, 0.102550
4.4, 0.3, 0.102086
4.5, 0.3, 0.101709
4.6, 0.3, 0.101403
4.7, 0.3, 0.101154
4.8, 0.3, 0.100951
4.9, 0.3, 0.100784
5.0, 0.3, 0.100646
0.0, 0.4, 0.143615
0.1, 0.4, 0.149920
0.2, 0.4, 0.156568
0.3, 0.4, 0.163463
0.4, 0.4, 0.170492
0.5, 0.4, 0.177520
0.6, 0.4, 0.184401
0.7, 0.4, 0.190979
0.8, 0.4, 0.197096
0.9, 0.4, 0.202595
1.0, 0.4, 0.207330
1.1, 0.4, 0.211168
1.2, 0.4, 0.214002
1.3, 0.4, 0.215750
1.4, 0.4, 0.216361
1.5, 0.4, 0.215819
1.6, 0.4, 0.214142
1.7, 0.4, 0.211381
1.8, 0.4, 0.207619
1.9, 0.4, 0.202966
2.0, 0.4, 0.197553
2.1, 0.4, 0.191527
2.2, 0.4, 0.185045
2.3, 0.4, 0.178265
2.4, 0.4, 0.171342
2.5, 0.4, 0.164421
2.6, 0.4, 0.157635
2.7, 0.4, 0.151095
2.8, 0.4, 0.144896
2.9, 0.4, 0.139110
3.0, 0.4, 0.133786
3.1, 0.4, 0.128955
3.2, 0.4, 0.124629
3.3, 0.4, 0.120803
3.4, 0.4, 0.117459
3.5, 0.4, 0.114571
3.6, 0.4, 0.112101
3.7, 0.4, 0.110010
3.8, 0.4, 0.108256
3.9, 0.4, 0.106796
4.0, 0.4, 0.105589
4.1, 0.4, 0.104596
4.2, 0.4, 0.103782
4.3, 0.4, 0.103118
4.4, 0.4, 0.102575
4.5, 0.4, 0.102131
4.6, 0.4, 0.101767
4.7, 0.4, 0.101467
4.8, 0.4, 0.101220
4.9, 0.4, 0.101014
5.0, 0.4, 0.100842
0.0, 0.5, 0.148931
0.1, 0.5, 0.156005
0.2, 0.5, 0.163463
0.3, 0.5, 0.171200
0.4, 0.5, 0.179085
0.5, 0.5, 0.186970
0.6, 0.5, 0.194691
0.7, 0.5, 0.202073
0.8, 0.5, 0.208938
0.9, 0.5, 0.215109
1.0, 0.5, 0.220424
1.1, 0.5, 0.224734
1.2, 0.5, 0.227918
1.3, 0.5, 0.229884
1.4, 0.5, 0.230577
1.5, 0.5, 0.229977
1.6, 0.5, 0.228106
1.7, 0.5, 0.225020
1.8, 0.5, 0.220813
1.9, 0.5, 0.215607
2.0, 0.5, 0.209551
2.1, 0.5, 0.202809
2.2, 0.5, 0.195556
2.3, 0.5, 0.187971
2.4, 0.5, 0.180227
2.5, 0.5, 0.172486
2.6, 0.5, 0.164896
2.7, 0.5, 0.157583
2.8, 0.5, 0.150652
2.9, 0.5, 0.144182
3.0, 0.5, 0.138230
3.1, 0.5, 0.132829
3.2, 0.5, 0.127991
3.3, 0.5, 0.123712
3.4, 0.5, 0.119971
3.5, 0.5, 0.116736
3.6, 0.5, 0.113967
3.7, 0.5, 0.111620
3.8, 0.5, 0.109646
3.9, 0.5, 0.107998
4.0, 0.5, 0.106631
4.1, 0.5, 0.105501
4.2, 0.5, 0.104570
4.3, 0.5, 0.103804
4.4, 0.5, 0.103173
4.5, 0.5, 0.102651
4.6, 0.5, 0.102219
4.7, 0.5, 0.101860
4.8, 0.5, 0.101559
4.9, 0.5, 0.101305
5.0, 0.5, 0.101091
0.0, 0.6, 0.154349
0.1, 0.6, 0.162206
0.2, 0.6, 0.170491
0.3, 0.6, 0.179084
0.4, 0.6, 0.187844
0.5, 0.6, 0.196603
0.6, 0.6, 0.205180
0.7, 0.6, 0.213382
0.8, 0.6, 0.221009
0.9, 0.6, 0.227867
1.0, 0.6, 0.233773
1.1, 0.6, 0.238566
1.2, 0.6, 0.242109
1.3, 0.6, 0.244301
1.4, 0.6, 0.245079
1.5, 0.6, 0.244424
1.6, 0.6, 0.242359
1.7, 0.6, 0.238946
1.8, 0.6, 0.234291
1.9, 0.6, 0.228529
2.0, 0.6, 0.221824
2.1, 0.6, 0.214360
2.2, 0.6, 0.206330
2.3, 0.6, 0.197934
2.4, 0.6, 0.189362
2.5, 0.6, 0.180795
2.6, 0.6, 0.172396
2.7, 0.6, 0.164305
2.8, 0.6, 0.156638
2.9, 0.6, 0.149481
3.0, 0.6, 0.142897
3.1, 0.6, 0.136922
3.2, 0.6, 0.131570
3.3, 0.6, 0.126835
3.4, 0.6, 0.122692
3.5, 0.6, 0.119106
3.6, 0.6, 0.116034
3.7, 0.6, 0.113424
3.8, 0.6, 0.111224
3.9, 0.6, 0.109381
4.0, 0.6, 0.107845
4.1, 0.6, 0.106569
4.2, 0.6, 0.105511
4.3, 0.6, 0.104632
4.4, 0.6, 0.103902
4.5, 0.6, 0.103292
4.6, 0.6, 0.102781
4.7, 0.6, 0.102350
4.8, 0.6, 0.101984
4.9, 0.6, 0.101673
5.0, 0.6, 0.101407
0.0, 0.7, 0.159767
0.1, 0.7, 0.168407
0.2, 0.7, 0.177518
0.3, 0.7, 0.186969
0.4, 0.7, 0.196602
0.5, 0.7, 0.206236
0.6, 0.7, 0.215670
0.7, 0.7, 0.224691
0.8, 0.7, 0.233082
0.9, 0.7, 0.240628
1.0, 0.7, 0.247128
1.1, 0.7, 0.252405
1.2, 0.7, 0.256309
1.3, 0.7, 0.258730
1.4, 0.7, 0.259599
1.5, 0.7, 0.258893
1.6, 0.7, 0.256639
1.7, 0.7, 0.252906
1.8, 0.7, 0.247810
1.9, 0.7, 0.241499
2.0, 0.7, 0.234155
2.1, 0.7, 0.225979
2.2, 0.7, 0.217184
2.3, 0.7, 0.207988
2.4, 0.7, 0.198601
2.5, 0.7, 0.189221
2.6, 0.7, 0.180027
2.7, 0.7, 0.171171
2.8, 0.7, 0.162779
2.9, 0.7, 0.154948
3.0, 0.7, 0.147744
3.1, 0.7, 0.141206
3.2, 0.7, 0.135349
3.3, 0.7, 0.130164
3.4, 0.7, 0.125624
3.5, 0.7, 0.121692
3.6, 0.7, 0.118316
3.7, 0.7, 0.115443
3.8, 0.7, 0.113013
3.9, 0.7, 0.110970
4.0, 0.7, 0.109259
4.1, 0.7, 0.107828
4.2, 0.7, 0.106632
4.3, 0.7, 0.105630
4.4, 0.7, 0.104788
4.5, 0.7, 0.104077
4.6, 0.7, 0.103473
4.7, 0.7, 0.102958
4.8, 0.7, 0.102515
4.9, 0.7, 0.102134
5.0, 0.7, 0.101805
0.0, 0.8, 0.165070
0.1, 0.8, 0.174478
0.2, 0.8, 0.184398
0.3, 0.8, 0.194688
0.4, 0.8, 0.205178
0.5, 0.8, 0.215668
0.6, 0.8, 0.225942
0.7, 0.8, 0.235767
0.8, 0.8, 0.244906
0.9, 0.8, 0.253127
1.0, 0.8, 0.260212
1.1, 0.8, 0.265965
1.2, 0.8, 0.270227
1.3, 0.8, 0.272875
1.4, 0.8, 0.273837
1.5, 0.8, 0.273088
1.6, 0.8, 0.270656
1.7, 0.8, 0.266619
1.8, 0.8, 0.261100
1.9, 0.8, 0.254263
2.0, 0.8, 0.246305
2.1, 0.8, 0.237445
2.2, 0.8, 0.227916
2.3, 0.8, 0.217952
2.4, 0.8, 0.207783
2.5, 0.8, 0.197624
2.6, 0.8, 0.187668
2.7, 0.8, 0.178080
2.8, 0.8, 0.168997
2.9, 0.8, 0.160522
3.0, 0.8, 0.152725
3.1, 0.8, 0.145650
3.2, 0.8, 0.139309
3.3, 0.8, 0.133693
3.4, 0.8, 0.128773
3.5, 0.8, 0.124504
3.6, 0.8, 0.120834
3.7, 0.8, 0.117701
3.8, 0.8, 0.115043
3.9, 0.8, 0.112797
4.0, 0.8, 0.110905
4.1, 0.8, 0.109310
4.2, 0.8, 0.107966
4.3, 0.8, 0.106828
4.4, 0.8, 0.105861
4.5, 0.8, 0.105034
4.6, 0.8, 0.104323
4.7, 0.8, 0.103708
4.8, 0.8, 0.103173
4.9, 0.8, 0.102707
5.0, 0.8, 0.102300
0.0, 0.9, 0.170140
0.1, 0.9, 0.180281
0.2, 0.9, 0.190975
0.3, 0.9, 0.202068
0.4, 0.9, 0.213376
0.5, 0.9, 0.224687
0.6, 0.9, 0.235764
0.7, 0.9, 0.246358
0.8, 0.9, 0.256215
0.9, 0.9, 0.265083
1.0, 0.9, 0.272729
1.1, 0.9, 0.278942
1.2, 0.9, 0.283549
1.3, 0.9, 0.286422
1.4, 0.9, 0.287479
1.5, 0.9, 0.286696
1.6, 0.9, 0.284103
1.7, 0.9, 0.279785
1.8, 0.9, 0.273875
1.9, 0.9, 0.266549
2.0, 0.9, 0.258020
2.1, 0.9, 0.248524
2.2, 0.9, 0.238310
2.3, 0.9, 0.227633
2.4, 0.9, 0.216738
2.5, 0.9, 0.205856
2.6, 0.9, 0.195194
2.7, 0.9, 0.184930
2.8, 0.9, 0.175207
2.9, 0.9, 0.166137
3.0, 0.9, 0.157794
3.1, 0.9, 0.150222
3.2, 0.9, 0.143434
3.3, 0.9, 0.137418
3.4, 0.9, 0.132143
3.5, 0.9, 0.127559
3.6, 0.9, 0.123608
3.7, 0.9, 0.120226
3.8, 0.9, 0.117343
3.9, 0.9, 0.114895
4.0, 0.9, 0.112817
4.1, 0.9, 0.111052
4.2, 0.9, 0.109548
4.3, 0.9, 0.108261
4.4, 0.9, 0.107154
4.5, 0.9, 0.106194
4.6, 0.9, 0.105358
4.7, 0.9, 0.104625
4.8, 0.9, 0.103981
4.9, 0.9, 0.103413
5.0, 0.9, 0.102911
0.0, 1.0, 0.174853
0.1, 1.0, 0.185676
0.2, 1.0, 0.197089
0.3, 1.0, 0.208929
0.4, 1.0, 0.220999
0.5, 1.0, 0.233072
0.6, 1.0, 0.244898
0.7, 1.0, 0.256209
0.8, 1.0, 0.266735
0.9, 1.0, 0.276209
1.0, 1.0, 0.284379
1.1, 1.0, 0.291024
1.2, 1.0, 0.295959
1.3, 1.0, 0.299046
1.4, 1.0, 0.300201
1.5, 1.0, 0.299397
1.6, 1.0, 0.296667
1.7, 1.0, 0.292101
1.8, 1.0, 0.285843
1.9, 1.0, 0.278081
2.0, 1.0, 0.269042
2.1, 1.0, 0.258977
2.2, 1.0, 0.248152
2.3, 1.0, 0.236837
2.4, 1.0, 0.225295
2.5, 1.0, 0.213769
2.6, 1.0, 0.202480
2.7, 1.0, 0.191615
2.8, 1.0, 0.181327
2.9, 1.0, 0.171730
3.0, 1.0, 0.162905
3.1, 1.0, 0.154894
3.2, 1.0, 0.147709
3.3, 1.0, 0.141338
3.4, 1.0, 0.135744
3.5, 1.0, 0.130874
3.6, 1.0, 0.126666
3.7, 1.0, 0.123048
3.8, 1.0, 0.119951
3.9, 1.0, 0.117302
4.0, 1.0, 0.115037
4.1, 1.0, 0.113093
4.2, 1.0, 0.111419
4.3, 1.0, 0.109968
4.4, 1.0, 0.108703
4.5, 1.0, 0.107592
4.6, 1.0, 0.106610
4.7, 1.0, 0.105740
4.8, 1.0, 0.104965
4.9, 1.0, 0.104274
5.0, 1.0, 0.103659
0.0, 1.1, 0.179088
0.1, 1.1, 0.190524
0.2, 1.1, 0.202584
0.3, 1.1, 0.215096
0.4, 1.1, 0.227852
0.5, 1.1, 0.240612
0.6, 1.1, 0.253111
0.7, 1.1, 0.265069
0.8, 1.1, 0.276199
0.9, 1.1, 0.286220
1.0, 1.1, 0.294867
1.1, 1.1, 0.301907
1.2, 1.1, 0.307143
1.3, 1.1, 0.310432
1.4, 1.1, 0.311686
1.5, 1.1, 0.310876
1.6, 1.1, 0.308038
1.7, 1.1, 0.303269
1.8, 1.1, 0.296719
1.9, 1.1, 0.288589
2.0, 1.1, 0.279117
2.1, 1.1, 0.268570
2.2, 1.1, 0.257227
2.3, 1.1, 0.245373
2.4, 1.1, 0.233285
2.5, 1.1, 0.221218
2.6, 1.1, 0.209404
2.7, 1.1, 0.198037
2.8, 1.1, 0.187277
2.9, 1.1, 0.177243
3.0, 1.1, 0.168016
3.1, 1.1, 0.159640
3.2, 1.1, 0.152125
3.3, 1.1, 0.145455
3.4, 1.1, 0.139590
3.5, 1.1, 0.134472
3.6, 1.1, 0.130035
3.7, 1.1, 0.126204
3.8, 1.1, 0.122904
3.9, 1.1, 0.120060
4.0, 1.1, 0.117605
4.1, 1.1, 0.115476
4.2, 1.1, 0.113619
4.3, 1.1, 0.111989
4.4, 1.1, 0.110547
4.5, 1.1, 0.109263
4.6, 1.1, 0.108113
4.7, 1.1, 0.107081
4.8, 1.1, 0.106151
4.9, 1.1, 0.105315
5.0, 1.1, 0.104564
0.0, 1.2, 0.182732
0.1, 1.2, 0.194696
0.2, 1.2, 0.207313
0.3, 1.2, 0.220404
0.4, 1.2, 0.233750
0.5, 1.2, 0.247103
0.6, 1.2, 0.260184
0.7, 1.2, 0.272702
0.8, 1.2, 0.284356
0.9, 1.2, 0.294852
1.0, 1.2, 0.303916
1.1, 1.2, 0.311302
1.2, 1.2, 0.316808
1.3, 1.2, 0.320284
1.4, 1.2, 0.321636
1.5, 1.2, 0.320839
1.6, 1.2, 0.317929
1.7, 1.2, 0.313008
1.8, 1.2, 0.306235
1.9, 1.2, 0.297819
2.0, 1.2, 0.288010
2.1, 1.2, 0.277085
2.2, 1.2, 0.265339
2.3, 1.2, 0.253066
2.4, 1.2, 0.240555
2.5, 1.2, 0.228071
2.6, 1.2, 0.215853
2.7, 1.2, 0.204104
2.8, 1.2, 0.192987
2.9, 1.2, 0.182623
3.0, 1.2, 0.173094
3.1, 1.2, 0.164443
3.2, 1.2, 0.156677
3.3, 1.2, 0.149776
3.4, 1.2, 0.143697
3.5, 1.2, 0.138378
3.6, 1.2, 0.133749
3.7, 1.2, 0.129730
3.8, 1.2, 0.126243
3.9, 1.2, 0.123212
4.0, 1.2, 0.120568
4.1, 1.2, 0.118246
4.2, 1.2, 0.116194
4.3, 1.2, 0.114365
4.4, 1.2, 0.112725
4.5, 1.2, 0.111244
4.6, 1.2, 0.109901
4.7, 1.2, 0.108680
4.8, 1.2, 0.107569
4.9, 1.2, 0.106561
5.0, 1.2, 0.105650
0.0, 1.3, 0.185683
0.1, 1.3, 0.198075
0.2, 1.3, 0.211144
0.3, 1.3, 0.224705
0.4, 1.3, 0.238532
0.5, 1.3, 0.252366
0.6, 1.3, 0.265922
0.7, 1.3, 0.278897
0.8, 1.3, 0.290980
0.9, 1.3, 0.301868
1.0, 1.3, 0.311278
1.1, 1.3, 0.318956
1.2, 1.3, 0.324693
1.3, 1.3, 0.328335
1.4, 1.3, 0.329788
1.5, 1.3, 0.329024
1.6, 1.3, 0.326083
1.7, 1.3, 0.321071
1.8, 1.3, 0.314153
1.9, 1.3, 0.305547
2.0, 1.3, 0.295510
2.1, 1.3, 0.284331
2.2, 1.3, 0.272313
2.3, 1.3, 0.259760
2.4, 1.3, 0.246968
2.5, 1.3, 0.234211
2.6, 1.3, 0.221733
2.7, 1.3, 0.209740
2.8, 1.3, 0.198398
2.9, 1.3, 0.187829
3.0, 1.3, 0.178112
3.1, 1.3, 0.169289
3.2, 1.3, 0.161364
3.3, 1.3, 0.154312
3.4, 1.3, 0.148087
3.5, 1.3, 0.142622
3.6, 1.3, 0.137841
3.7, 1.3, 0.133665
3.8, 1.3, 0.130011
3.9, 1.3, 0.126802
4.0, 1.3, 0.123968
4.1, 1.3, 0.121447
4.2, 1.3, 0.119185
4.3, 1.3, 0.117139
4.4, 1.3, 0.115277
4.5, 1.3, 0.113572
4.6, 1.3, 0.112007
4.7, 1.3, 0.110567
4.8, 1.3, 0.109246
4.9, 1.3, 0.108037
5.0, 1.3, 0.106936
0.0, 1.4, 0.187858
0.1, 1.4, 0.200566
0.2, 1.4, 0.213969
0.3, 1.4, 0.227877
0.4, 1.4, 0.242060
0.5, 1.4, 0.256252
0.6, 1.4, 0.270162
0.7, 1.4, 0.283478
0.8, 1.4, 0.295885
0.9, 1.4, 0.307071
1.0, 1.4, 0.316747
1.1, 1.4, 0.324655
1.2, 1.4, 0.330581
1.3, 1.4, 0.334367
1.4, 1.4, 0.335921
1.5, 1.4, 0.335213
1.6, 1.4, 0.332287
1.7, 1.4, 0.327251
1.8, 1.4, 0.320277
1.9, 1.4, 0.311587
2.0, 1.4, 0.301446
2.1, 1.4, 0.290150
2.2, 1.4, 0.278007
2.3, 1.4, 0.265328
2.4, 1.4, 0.252416
2.5, 1.4, 0.239546
2.6, 1.4, 0.226967
2.7, 1.4, 0.214885
2.8, 1.4, 0.203465
2.9, 1.4, 0.192829
3.0, 1.4, 0.183053
3.1, 1.4, 0.174174
3.2, 1.4, 0.166193
3.3, 1.4, 0.159079
3.4, 1.4, 0.152782
3.5, 1.4, 0.147231
3.6, 1.4, 0.142347
3.7, 1.4, 0.138047
3.8, 1.4, 0.134249
3.9, 1.4, 0.130873
4.0, 1.4, 0.127851
4.1, 1.4, 0.125121
4.2, 1.4, 0.122634
4.3, 1.4, 0.120350
4.4, 1.4, 0.118240
4.5, 1.4, 0.116282
4.6, 1.4, 0.114463
4.7, 1.4, 0.112772
4.8, 1.4, 0.111207
4.9, 1.4, 0.109764
5.0, 1.4, 0.108443
0.0, 1.5, 0.189192
0.1, 1.5, 0.202095
0.2, 1.5, 0.215705
0.3, 1.5, 0.229828
0.4, 1.5, 0.244233
0.5, 1.5, 0.258649
0.6, 1.5, 0.272781
0.7, 1.5, 0.286316
0.8, 1.5, 0.298931
0.9, 1.5, 0.310314
1.0, 1.5, 0.320170
1.1, 1.5, 0.328239
1.2, 1.5, 0.334308
1.3, 1.5, 0.338216
1.4, 1.5, 0.339869
1.5, 1.5, 0.339243
1.6, 1.5, 0.336381
1.7, 1.5, 0.331395
1.8, 1.5, 0.324459
1.9, 1.5, 0.315801
2.0, 1.5, 0.305690
2.1, 1.5, 0.294423
2.2, 1.5, 0.282315
2.3, 1.5, 0.269679
2.4, 1.5, 0.256818
2.5, 1.5, 0.244010
2.6, 1.5, 0.231501
2.7, 1.5, 0.219497
2.8, 1.5, 0.208160
2.9, 1.5, 0.197607
3.0, 1.5, 0.187910
3.1, 1.5, 0.179101
3.2, 1.5, 0.171174
3.3, 1.5, 0.164095
3.4, 1.5, 0.157806
3.5, 1.5, 0.152235
3.6, 1.5, 0.147300
3.7, 1.5, 0.142913
3.8, 1.5, 0.138993
3.9, 1.5, 0.135462
4.0, 1.5, 0.132252
4.1, 1.5, 0.129306
4.2, 1.5, 0.126578
4.3, 1.5, 0.124033
4.4, 1.5, 0.121647
4.5, 1.5, 0.119405
4.6, 1.5, 0.117297
4.7, 1.5, 0.115320
4.8, 1.5, 0.113475
4.9, 1.5, 0.111764
5.0, 1.5, 0.110189
0.0, 1.6, 0.189647
0.1, 1.6, 0.202618
0.2, 1.6, 0.216301
0.3, 1.6, 0.230502
0.4, 1.6, 0.244987
0.5, 1.6, 0.259487
0.6, 1.6, 0.273705
0.7, 1.6, 0.287327
0.8, 1.6, 0.300031
0.9, 1.6, 0.311503
1.0, 1.6, 0.321450
1.1, 1.6, 0.329611
1.2, 1.6, 0.335773
1.3, 1.6, 0.339778
1.4, 1.6, 0.341533
1.5, 1.6, 0.341014
1.6, 1.6, 0.338268
1.7, 1.6, 0.333408
1.8, 1.6, 0.326611
1.9, 1.6, 0.318106
2.0, 1.6, 0.308163
2.1, 1.6, 0.297082
2.2, 1.6, 0.285176
2.3, 1.6, 0.272759
2.4, 1.6, 0.260130
2.5, 1.6, 0.247565
2.6, 1.6, 0.235307
2.7, 1.6, 0.223557
2.8, 1.6, 0.212470
2.9, 1.6, 0.202158
3.0, 1.6, 0.192685
3.1, 1.6, 0.184076
3.2, 1.6, 0.176320
3.3, 1.6, 0.169376
3.4, 1.6, 0.163182
3.5, 1.6, 0.157660
3.6, 1.6, 0.152725
3.7, 1.6, 0.148291
3.8, 1.6, 0.144274
3.9, 1.6, 0.140600
4.0, 1.6, 0.137203
4.1, 1.6, 0.134032
4.2, 1.6, 0.131045
4.3, 1.6, 0.128215
4.4, 1.6, 0.125523
4.5, 1.6, 0.122962
4.6, 1.6, 0.120530
4.7, 1.6, 0.118230
4.8, 1.6, 0.116068
4.9, 1.6, 0.114052
5.0, 1.6, 0.112187
0.0, 1.7, 0.189210
0.1, 1.7, 0.202120
0.2, 1.7, 0.215740
0.3, 1.7, 0.229877
0.4, 1.7, 0.244301
0.5, 1.7, 0.258742
0.6, 1.7, 0.272908
0.7, 1.7, 0.286485
0.8, 1.7, 0.299156
0.9, 1.7, 0.310610
1.0, 1.7, 0.320556
1.1, 1.7, 0.328738
1.2, 1.7, 0.334944
1.3, 1.7, 0.339021
1.4, 1.7, 0.340878
1.5, 1.7, 0.340494
1.6, 1.7, 0.337916
1.7, 1.7, 0.333260
1.8, 1.7, 0.326704
1.9, 1.7, 0.318475
2.0, 1.7, 0.308844
2.1, 1.7, 0.298106
2.2, 1.7, 0.286572
2.3, 1.7, 0.274552
2.4, 1.7, 0.262339
2.5, 1.7, 0.250204
2.6, 1.7, 0.238381
2.7, 1.7, 0.227063
2.8, 1.7, 0.216397
2.9, 1.7, 0.206486
3.0, 1.7, 0.197385
3.1, 1.7, 0.189111
3.2, 1.7, 0.181645
3.3, 1.7, 0.174939
3.4, 1.7, 0.168925
3.5, 1.7, 0.163522
3.6, 1.7, 0.158643
3.7, 1.7, 0.154200
3.8, 1.7, 0.150112
3.9, 1.7, 0.146306
4.0, 1.7, 0.142723
4.1, 1.7, 0.139316
4.2, 1.7, 0.136053
4.3, 1.7, 0.132912
4.4, 1.7, 0.129884
4.5, 1.7, 0.126970
4.6, 1.7, 0.124177
4.7, 1.7, 0.121514
4.8, 1.7, 0.118997
4.9, 1.7, 0.116637
5.0, 1.7, 0.114446
0.0, 1.8, 0.187893
0.1, 1.8, 0.200615
0.2, 1.8, 0.214039
0.3, 1.8, 0.227975
0.4, 1.8, 0.242196
0.5, 1.8, 0.256438
0.6, 1.8, 0.270414
0.7, 1.8, 0.283817
0.8, 1.8, 0.296336
0.9, 1.8, 0.307665
1.0, 1.8, 0.317521
1.1, 1.8, 0.325653
1.2, 1.8, 0.331856
1.3, 1.8, 0.335980
1.4, 1.8, 0.337940
1.5, 1.8, 0.337717
1.6, 1.8, 0.335360
1.7, 1.8, 0.330987
1.8, 1.8, 0.324771
1.9, 1.8, 0.316941
2.0, 1.8, 0.307761
2.1, 1.8, 0.297523
2.2, 1.8, 0.286531
2.3, 1.8, 0.275084
2.4, 1.8, 0.263471
2.5, 1.8, 0.251949
2.6, 1.8, 0.240742
2.7, 1.8, 0.230033
2.8, 1.8, 0.219958
2.9, 1.8, 0.210606
3.0, 1.8, 0.202024
3.1, 1.8, 0.194217
3.2, 1.8, 0.187158
3.3, 1.8, 0.180792
3.4, 1.8, 0.175044
3.5, 1.8, 0.169830
3.6, 1.8, 0.165059
3.7, 1.8, 0.160646
3.8, 1.8, 0.156511
3.9, 1.8, 0.152585
4.0, 1.8, 0.148816
4.1, 1.8, 0.145164
4.2, 1.8, 0.141604
4.3, 1.8, 0.138127
4.4, 1.8, 0.134732
4.5, 1.8, 0.131431
4.6, 1.8, 0.128238
4.7, 1.8, 0.125175
4.8, 1.8, 0.122262
4.9, 1.8, 0.119520
5.0, 1.8, 0.116967
0.0, 1.9, 0.185736
0.1, 1.9, 0.198150
0.2, 1.9, 0.211250
0.3, 1.9, 0.224852
0.4, 1.9, 0.238736
0.5, 1.9, 0.252646
0.6, 1.9, 0.266301
0.7, 1.9, 0.279406
0.8, 1.9, 0.291657
0.9, 1.9, 0.302760
1.0, 1.9, 0.312440
1.1, 1.9, 0.320455
1.2, 1.9, 0.326609
1.3, 1.9, 0.330758
1.4, 1.9, 0.332822
1.5, 1.9, 0.332786
1.6, 1.9, 0.330701
1.7, 1.9, 0.326683
1.8, 1.9, 0.320906
1.9, 1.9, 0.313591
2.0, 1.9, 0.304998
2.1, 1.9, 0.295410
2.2, 1.9, 0.285120
2.3, 1.9, 0.274418
2.4, 1.9, 0.263578
2.5, 1.9, 0.252845
2.6, 1.9, 0.242430
2.7, 1.9, 0.232500
2.8, 1.9, 0.223176
2.9, 1.9, 0.214537
3.0, 1.9, 0.206614
3.1, 1.9, 0.199402
3.2, 1.9, 0.192863
3.3, 1.9, 0.186934
3.4, 1.9, 0.181534
3.5, 1.9, 0.176575
3.6, 1.9, 0.171964
3.7, 1.9, 0.167618
3.8, 1.9, 0.163458
3.9, 1.9, 0.159424
4.0, 1.9, 0.155468
4.1, 1.9, 0.151560
4.2, 1.9, 0.147687
4.3, 1.9, 0.143848
4.4, 1.9, 0.140056
4.5, 1.9, 0.136332
4.6, 1.9, 0.132703
4.7, 1.9, 0.129201
4.8, 1.9, 0.125855
4.9, 1.9, 0.122694
5.0, 1.9, 0.119742
0.0, 2.0, 0.182802
0.1, 2.0, 0.194796
0.2, 2.0, 0.207454
0.3, 2.0, 0.220601
0.4, 2.0, 0.234023
0.5, 2.0, 0.247476
0.6, 2.0, 0.260691
0.7, 2.0, 0.273382
0.8, 2.0, 0.285260
0.9, 2.0, 0.296043
1.0, 2.0, 0.305468
1.1, 2.0, 0.313305
1.2, 2.0, 0.319367
1.3, 2.0, 0.323520
1.4, 2.0, 0.325689
1.5, 2.0, 0.325864
1.6, 2.0, 0.324098
1.7, 2.0, 0.320505
1.8, 2.0, 0.315255
1.9, 2.0, 0.308564
2.0, 2.0, 0.300683
2.1, 2.0, 0.291883
2.2, 2.0, 0.282445
2.3, 2.0, 0.272645
2.4, 2.0, 0.262741
2.5, 2.0, 0.252961
2.6, 2.0, 0.243499
2.7, 2.0, 0.234505
2.8, 2.0, 0.226085
2.9, 2.0, 0.218299
3.0, 2.0, 0.211166
3.1, 2.0, 0.204667
3.2, 2.0, 0.198753
3.3, 2.0, 0.193351
3.4, 2.0, 0.188375
3.5, 2.0, 0.183731
3.6, 2.0, 0.179329
3.7, 2.0, 0.175083
3.8, 2.0, 0.170921
3.9, 2.0, 0.166787
4.0, 2.0, 0.162643
4.1, 2.0, 0.158470
4.2, 2.0, 0.154265
4.3, 2.0, 0.150041
4.4, 2.0, 0.145823
4.5, 2.0, 0.141645
4.6, 2.0, 0.137547
4.7, 2.0, 0.133570
4.8, 2.0, 0.129756
4.9, 2.0, 0.126141
5.0, 2.0, 0.122756
0.0, 2.1, 0.179176
0.1, 2.1, 0.190649
0.2, 2.1, 0.202760
0.3, 2.1, 0.215342
0.4, 2.1, 0.228193
0.5, 2.1, 0.241079
0.6, 2.1, 0.253745
0.7, 2.1, 0.265921
0.8, 2.1, 0.277332
0.9, 2.1, 0.287711
1.0, 2.1, 0.296810
1.1, 2.1, 0.304414
1.2, 2.1, 0.310347
1.3, 2.1, 0.314484
1.4, 2.1, 0.316760
1.5, 2.1, 0.317167
1.6, 2.1, 0.315761
1.7, 2.1, 0.312655
1.8, 2.1, 0.308012
1.9, 2.1, 0.302042
2.0, 2.1, 0.294984
2.1, 2.1, 0.287096
2.2, 2.1, 0.278644
2.3, 2.1, 0.269886
2.4, 2.1, 0.261062
2.5, 2.1, 0.252380
2.6, 2.1, 0.244015
2.7, 2.1, 0.236098
2.8, 2.1, 0.228715
2.9, 2.1, 0.221908
3.0, 2.1, 0.215681
3.1, 2.1, 0.210000
3.2, 2.1, 0.204803
3.3, 2.1, 0.200009
3.4, 2.1, 0.195525
3.5, 2.1, 0.191253
3.6, 2.1, 0.187100
3.7, 2.1, 0.182985
3.8, 2.1, 0.178839
3.9, 2.1, 0.174615
4.0, 2.1, 0.170283
4.1, 2.1, 0.165836
4.2, 2.1, 0.161284
4.3, 2.1, 0.156654
4.4, 2.1, 0.151984
4.5, 2.1, 0.147324
4.6, 2.1, 0.142725
4.7, 2.1, 0.138243
4.8, 2.1, 0.133928
4.9, 2.1, 0.129828
5.0, 2.1, 0.125982
0.0, 2.2, 0.174958
0.1, 2.2, 0.185826
0.2, 2.2, 0.197301
0.3, 2.2, 0.209225
0.4, 2.2, 0.221409
0.5, 2.2, 0.233634
0.6, 2.2, 0.245659
0.7, 2.2, 0.257232
0.8, 2.2, 0.268095
0.9, 2.2, 0.277999
1.0, 2.2, 0.286713
1.1, 2.2, 0.294035
1.2, 2.2, 0.299806
1.3, 2.2, 0.303912
1.4, 2.2, 0.306295
1.5, 2.2, 0.306953
1.6, 2.2, 0.305942
1.7, 2.2, 0.303373
1.8, 2.2, 0.299406
1.9, 2.2, 0.294238
2.0, 2.2, 0.288097
2.1, 2.2, 0.281227
2.2, 2.2, 0.273874
2.3, 2.2, 0.266277
2.4, 2.2, 0.258654
2.5, 2.2, 0.251194
2.6, 2.2, 0.244049
2.7, 2.2, 0.237326
2.8, 2.2, 0.231093
2.9, 2.2, 0.225373
3.0, 2.2, 0.220150
3.1, 2.2, 0.215375
3.2, 2.2, 0.210975
3.3, 2.2, 0.206857
3.4, 2.2, 0.202922
3.5, 2.2, 0.199067
3.6, 2.2, 0.195201
3.7, 2.2, 0.191242
3.8, 2.2, 0.187129
3.9, 2.2, 0.182821
4.0, 2.2, 0.178302
4.1, 2.2, 0.173575
4.2, 2.2, 0.168664
4.3, 2.2, 0.163611
4.4, 2.2, 0.158469
4.5, 2.2, 0.153303
4.6, 2.2, 0.148179
4.7, 2.2, 0.143165
4.8, 2.2, 0.138324
4.9, 2.2, 0.133714
5.0, 2.2, 0.129381
0.0, 2.3, 0.170263
0.1, 2.3, 0.180456
0.2, 2.3, 0.191221
0.3, 2.3, 0.202413
0.4, 2.3, 0.213854
0.5, 2.3, 0.225341
0.6, 2.3, 0.236651
0.7, 2.3, 0.247551
0.8, 2.3, 0.257800
0.9, 2.3, 0.267171
1.0, 2.3, 0.275450
1.1, 2.3, 0.282453
1.2, 2.3, 0.288036
1.3, 2.3, 0.292096
1.4, 2.3, 0.294585
1.5, 2.3, 0.295507
1.6, 2.3, 0.294919
1.7, 2.3, 0.292929
1.8, 2.3, 0.289690
1.9, 2.3, 0.285389
2.0, 2.3, 0.280240
2.1, 2.3, 0.274469
2.2, 2.3, 0.268304
2.3, 2.3, 0.261962
2.4, 2.3, 0.255638
2.5, 2.3, 0.249497
2.6, 2.3, 0.243667
2.7, 2.3, 0.238233
2.8, 2.3, 0.233239
2.9, 2.3, 0.228689
3.0, 2.3, 0.224547
3.1, 2.3, 0.220749
3.2, 2.3, 0.217207
3.3, 2.3, 0.213819
3.4, 2.3, 0.210478
3.5, 2.3, 0.207078
3.6, 2.3, 0.203526
3.7, 2.3, 0.199745
3.8, 2.3, 0.195679
3.9, 2.3, 0.191296
4.0, 2.3, 0.186590
4.1, 2.3, 0.181579
4.2, 2.3, 0.176301
4.3, 2.3, 0.170813
4.4, 2.3, 0.165186
4.5, 2.3, 0.159497
4.6, 2.3, 0.153831
4.7, 2.3, 0.148266
4.8, 2.3, 0.142881
4.9, 2.3, 0.137742
5.0, 2.3, 0.132905
0.0, 2.4, 0.165210
0.1, 2.4, 0.174677
0.2, 2.4, 0.184679
0.3, 2.4, 0.195082
0.4, 2.4, 0.205722
0.5, 2.4, 0.216414
0.6, 2.4, 0.226954
0.7, 2.4, 0.237126
0.8, 2.4, 0.246714
0.9, 2.4, 0.255507
1.0, 2.4, 0.263314
1.1, 2.4, 0.269969
1.2, 2.4, 0.275341
1.3, 2.4, 0.279345
1.4, 2.4, 0.281939
1.5, 2.4, 0.283133
1.6, 2.4, 0.282987
1.7, 2.4, 0.281604
1.8, 2.4, 0.279131
1.9, 2.4, 0.275743
2.0, 2.4, 0.271638
2.1, 2.4, 0.267025
2.2, 2.4, 0.262111
2.3, 2.4, 0.257090
2.4, 2.4, 0.252133
2.5, 2.4, 0.247379
2.6, 2.4, 0.242931
2.7, 2.4, 0.238851
2.8, 2.4, 0.235159
2.9, 2.4, 0.231837
3.0, 2.4, 0.228830
3.1, 2.4, 0.226057
3.2, 2.4, 0.223417
3.3, 2.4, 0.220797
3.4, 2.4, 0.218082
3.5, 2.4, 0.215163
3.6, 2.4, 0.211947
3.7, 2.4, 0.208360
3.8, 2.4, 0.204352
3.9, 2.4, 0.199901
4.0, 2.4, 0.195013
4.1, 2.4, 0.189718
4.2, 2.4, 0.184070
4.3, 2.4, 0.178143
4.4, 2.4, 0.172023
4.5, 2.4, 0.165804
4.6, 2.4, 0.159586
4.7, 2.4, 0.153462
4.8, 2.4, 0.147523
4.9, 2.4, 0.141845
5.0, 2.4, 0.136496
0.0, 2.5, 0.159923
0.1, 2.5, 0.168630
0.2, 2.5, 0.177833
0.3, 2.5, 0.187409
0.4, 2.5, 0.197212
0.5, 2.5, 0.207071
0.6, 2.5, 0.216803
0.7, 2.5, 0.226213
0.8, 2.5, 0.235105
0.9, 2.5, 0.243292
1.0, 2.5, 0.250601
1.1, 2.5, 0.256887
1.2, 2.5, 0.262035
1.3, 2.5, 0.265972
1.4, 2.5, 0.268668
1.5, 2.5, 0.270138
1.6, 2.5, 0.270442
1.7, 2.5, 0.269682
1.8, 2.5, 0.267994
1.9, 2.5, 0.265544
2.0, 2.5, 0.262514
2.1, 2.5, 0.259092
2.2, 2.5, 0.255464
2.3, 2.5, 0.251801
2.4, 2.5, 0.248247
2.5, 2.5, 0.244918
2.6, 2.5, 0.241890
2.7, 2.5, 0.239199
2.8, 2.5, 0.236843
2.9, 2.5, 0.234780
3.0, 2.5, 0.232938
3.1, 2.5, 0.231217
3.2, 2.5, 0.229502
3.3, 2.5, 0.227671
3.4, 2.5, 0.225600
3.5, 2.5, 0.223178
3.6, 2.5, 0.220312
3.7, 2.5, 0.216929
3.8, 2.5, 0.212989
3.9, 2.5, 0.208478
4.0, 2.5, 0.203413
4.1, 2.5, 0.197839
4.2, 2.5, 0.191825
4.3, 2.5, 0.185462
4.4, 2.5, 0.178852
4.5, 2.5, 0.172105
4.6, 2.5, 0.165336
4.7, 2.5, 0.158655
4.8, 2.5, 0.152162
4.9, 2.5, 0.145947
5.0, 2.5, 0.140084
0.0, 2.6, 0.154522
0.1, 2.6, 0.162452
0.2, 2.6, 0.170838
0.3, 2.6, 0.179570
0.4, 2.6, 0.188515
0.5, 2.6, 0.197524
0.6, 2.6, 0.206429
0.7, 2.6, 0.215059
0.8, 2.6, 0.223239
0.9, 2.6, 0.230803
1.0, 2.6, 0.237601
1.1, 2.6, 0.243505
1.2, 2.6, 0.248419
1.3, 2.6, 0.252282
1.4, 2.6, 0.255075
1.5, 2.6, 0.256818
1.6, 2.6, 0.257572
1.7, 2.6, 0.257435
1.8, 2.6, 0.256537
1.9, 2.6, 0.255029
2.0, 2.6, 0.253079
2.1, 2.6, 0.250855
2.2, 2.6, 0.248520
2.3, 2.6, 0.246221
2.4, 2.6, 0.244079
2.5, 2.6, 0.242181
2.6, 2.6, 0.240578
2.7, 2.6, 0.239282
2.8, 2.6, 0.238266
2.9, 2.6, 0.237467
3.0, 2.6, 0.236792
3.1, 2.6, 0.236126
3.2, 2.6, 0.235340
3.3, 2.6, 0.234300
3.4, 2.6, 0.232878
3.5, 2.6, 0.230958
3.6, 2.6, 0.228446
3.7, 2.6, 0.225275
3.8, 2.6, 0.221410
3.9, 2.6, 0.216847
4.0, 2.6, 0.211615
4.1, 2.6, 0.205773
4.2, 2.6, 0.199405
4.3, 2.6, 0.192618
4.4, 2.6, 0.185530
4.5, 2.6, 0.178268
4.6, 2.6, 0.170962
4.7, 2.6, 0.163735
4.8, 2.6, 0.156701
4.9, 2.6, 0.149961
5.0, 2.6, 0.143597
0.0, 2.7, 0.149119
0.1, 2.7, 0.156272
0.2, 2.7, 0.163841
0.3, 2.7, 0.171727
0.4, 2.7, 0.179815
0.5, 2.7, 0.187971
0.6, 2.7, 0.196049
0.7, 2.7, 0.203897
0.8, 2.7, 0.211362
0.9, 2.7, 0.218301
1.0, 2.7, 0.224584
1.1, 2.7, 0.230103
1.2, 2.7, 0.234777
1.3, 2.7, 0.238561
1.4, 2.7, 0.241443
1.5, 2.7, 0.243450
1.6, 2.7, 0.244643
1.7, 2.7, 0.245118
1.8, 2.7, 0.244995
1.9, 2.7, 0.244414
2.0, 2.7, 0.243526
2.1, 2.7, 0.242480
2.2, 2.7, 0.241418
2.3, 2.7, 0.240461
2.4, 2.7, 0.239706
2.5, 2.7, 0.239215
2.6, 2.7, 0.239012
2.7, 2.7, 0.239086
2.8, 2.7, 0.239385
2.9, 2.7, 0.239826
3.0, 2.7, 0.240297
3.1, 2.7, 0.240667
3.2, 2.7, 0.240793
3.3, 2.7, 0.240532
3.4, 2.7, 0.239748
3.5, 2.7, 0.238323
3.6, 2.7, 0.236164
3.7, 2.7, 0.233207
3.8, 2.7, 0.229423
3.9, 2.7, 0.224818
4.0, 2.7, 0.219432
4.1, 2.7, 0.213339
4.2, 2.7, 0.206637
4.3, 2.7, 0.199448
4.4, 2.7, 0.191906
4.5, 2.7, 0.184154
4.6, 2.7, 0.176335
4.7, 2.7, 0.168588
4.8, 2.7, 0.161038
4.9, 2.7, 0.153796
5.0, 2.7, 0.146953
0.0, 2.8, 0.143816
0.1, 2.8, 0.150207
0.2, 2.8, 0.156973
0.3, 2.8, 0.164030
0.4, 2.8, 0.171275
0.5, 2.8, 0.178594
0.6, 2.8, 0.185858
0.7, 2.8, 0.192937
0.8, 2.8, 0.199699
0.9, 2.8, 0.206022
1.0, 2.8, 0.211796
1.1, 2.8, 0.216931
1.2, 2.8, 0.221365
1.3, 2.8, 0.225063
1.4, 2.8, 0.228025
1.5, 2.8, 0.230280
1.6, 2.8, 0.231894
1.7, 2.8, 0.232955
1.8, 2.8, 0.233578
1.9, 2.8, 0.233889
2.0, 2.8, 0.234023
2.1, 2.8, 0.234111
2.2, 2.8, 0.234274
2.3, 2.8, 0.234609
2.4, 2.8, 0.235189
2.5, 2.8, 0.236049
2.6, 2.8, 0.237193
2.7, 2.8, 0.238582
2.8, 2.8, 0.240145
2.9, 2.8, 0.241776
3.0, 2.8, 0.243348
3.1, 2.8, 0.244711
3.2, 2.8, 0.245713
3.3, 2.8, 0.246200
3.4, 2.8, 0.246031
3.5, 2.8, 0.245086
3.6, 2.8, 0.243270
3.7, 2.8, 0.240525
3.8, 2.8, 0.236828
3.9, 2.8, 0.232193
4.0, 2.8, 0.226673
4.1, 2.8, 0.220352
4.2, 2.8, 0.213344
4.3, 2.8, 0.205785
4.4, 2.8, 0.197823
4.5, 2.8, 0.189618
4.6, 2.8, 0.181325
4.7, 2.8, 0.173095
4.8, 2.8, 0.165066
4.9, 2.8, 0.157358
5.0, 2.8, 0.150071
0.0, 2.9, 0.138703
0.1, 2.9, 0.144358
0.2, 2.9, 0.150350
0.3, 2.9, 0.156606
0.4, 2.9, 0.163039
0.5, 2.9, 0.169548
0.6, 2.9, 0.176026
0.7, 2.9, 0.182361
0.8, 2.9, 0.188443
0.9, 2.9, 0.194168
1.0, 2.9, 0.199447
1.1, 2.9, 0.204208
1.2, 2.9, 0.208403
1.3, 2.9, 0.212011
1.4, 2.9, 0.215039
1.5, 2.9, 0.217523
1.6, 2.9, 0.219527
1.7, 2.9, 0.221138
1.8, 2.9, 0.222461
1.9, 2.9, 0.223611
2.0, 2.9, 0.224708
2.1, 2.9, 0.225864
2.2, 2.9, 0.227180
2.3, 2.9, 0.228731
2.4, 2.9, 0.230565
2.5, 2.9, 0.232698
2.6, 2.9, 0.235106
2.7, 2.9, 0.237730
2.8, 2.9, 0.240478
2.9, 2.9, 0.243227
3.0, 2.9, 0.245829
3.1, 2.9, 0.248126
3.2, 2.9, 0.249950
3.3, 2.9, 0.251140
3.4, 2.9, 0.251551
3.5, 2.9, 0.251059
3.6, 2.9, 0.249573
3.7, 2.9, 0.247035
3.8, 2.9, 0.243429
3.9, 2.9, 0.238779
4.0, 2.9, 0.233147
4.1, 2.9, 0.226629
4.2, 2.9, 0.219352
4.3, 2.9, 0.211464
4.4, 2.9, 0.203130
4.5, 2.9, 0.194519
4.6, 2.9, 0.185802
4.7, 2.9, 0.177141
4.8, 2.9, 0.168683
4.9, 2.9, 0.160557
5.0, 2.9, 0.152871
0.0, 3.0, 0.133853
0.1, 3.0, 0.138809
0.2, 3.0, 0.144066
0.3, 3.0, 0.149562
0.4, 3.0, 0.155222
0.5, 3.0, 0.160963
0.6, 3.0, 0.166694
0.7, 3.0, 0.172322
0.8, 3.0, 0.177754
0.9, 3.0, 0.182908
1.0, 3.0, 0.187712
1.1, 3.0, 0.192111
1.2, 3.0, 0.196072
1.3, 3.0, 0.199584
1.4, 3.0, 0.202663
1.5, 3.0, 0.205350
1.6, 3.0, 0.207708
1.7, 3.0, 0.209821
1.8, 3.0, 0.211785
1.9, 3.0, 0.213706
2.0, 3.0, 0.215688
2.1, 3.0, 0.217827
2.2, 3.0, 0.220202
2.3, 3.0, 0.222870
2.4, 3.0, 0.225857
2.5, 3.0, 0.229156
2.6, 3.0, 0.232723
2.7, 3.0, 0.236479
2.8, 3.0, 0.240312
2.9, 3.0, 0.244082
3.0, 3.0, 0.247629
3.1, 3.0, 0.250778
3.2, 3.0, 0.253354
3.3, 3.0, 0.255190
3.4, 3.0, 0.256135
3.5, 3.0, 0.256064
3.6, 3.0, 0.254886
3.7, 3.0, 0.252548
3.8, 3.0, 0.249039
3.9, 3.0, 0.244390
4.0, 3.0, 0.238674
4.1, 3.0, 0.231996
4.2, 3.0, 0.224494
4.3, 3.0, 0.216331
4.4, 3.0, 0.207680
4.5, 3.0, 0.198725
4.6, 3.0, 0.189646
4.7, 3.0, 0.180615
4.8, 3.0, 0.171790
4.9, 3.0, 0.163306
5.0, 3.0, 0.155278
0.0, 3.1, 0.129322
0.1, 3.1, 0.133626
0.2, 3.1, 0.138196
0.3, 3.1, 0.142981
0.4, 3.1, 0.147918
0.5, 3.1, 0.152940
0.6, 3.1, 0.157970
0.7, 3.1, 0.162934
0.8, 3.1, 0.167757
0.9, 3.1, 0.172372
1.0, 3.1, 0.176727
1.1, 3.1, 0.180780
1.2, 3.1, 0.184511
1.3, 3.1, 0.187922
1.4, 3.1, 0.191035
1.5, 3.1, 0.193893
1.6, 3.1, 0.196562
1.7, 3.1, 0.199120
1.8, 3.1, 0.201657
1.9, 3.1, 0.204267
2.0, 3.1, 0.207042
2.1, 3.1, 0.210060
2.2, 3.1, 0.213384
2.3, 3.1, 0.217052
2.4, 3.1, 0.221069
2.5, 3.1, 0.225410
2.6, 3.1, 0.230010
2.7, 3.1, 0.234775
2.8, 3.1, 0.239573
2.9, 3.1, 0.244252
3.0, 3.1, 0.248637
3.1, 3.1, 0.252545
3.2, 3.1, 0.255792
3.3, 3.1, 0.258204
3.4, 3.1, 0.259628
3.5, 3.1, 0.259938
3.6, 3.1, 0.259044
3.7, 3.1, 0.256896
3.8, 3.1, 0.253490
3.9, 3.1, 0.248862
4.0, 3.1, 0.243093
4.1, 3.1, 0.236298
4.2, 3.1, 0.228626
4.3, 3.1, 0.220246
4.4, 3.1, 0.211346
4.5, 3.1, 0.202116
4.6, 3.1, 0.192748
4.7, 3.1, 0.183421
4.8, 3.1, 0.174300
4.9, 3.1, 0.165527
5.0, 3.1, 0.157223
0.0, 3.2, 0.125151
0.1, 3.2, 0.128854
0.2, 3.2, 0.132791
0.3, 3.2, 0.136920
0.4, 3.2, 0.141192
0.5, 3.2, 0.145549
0.6, 3.2, 0.149932
0.7, 3.2, 0.154281
0.8, 3.2, 0.158538
0.9, 3.2, 0.162652
1.0, 3.2, 0.166585
1.1, 3.2, 0.170310
1.2, 3.2, 0.173819
1.3, 3.2, 0.177123
1.4, 3.2, 0.180249
1.5, 3.2, 0.183245
1.6, 3.2, 0.186175
1.7, 3.2, 0.189114
1.8, 3.2, 0.192146
1.9, 3.2, 0.195354
2.0, 3.2, 0.198817
2.1, 3.2, 0.202600
2.2, 3.2, 0.206749
2.3, 3.2, 0.211284
2.4, 3.2, 0.216194
2.5, 3.2, 0.221436
2.6, 3.2, 0.226930
2.7, 3.2, 0.232563
2.8, 3.2, 0.238194
2.9, 3.2, 0.243654
3.0, 3.2, 0.248760
3.1, 3.2, 0.253321
3.2, 3.2, 0.257145
3.3, 3.2, 0.260056
3.4, 3.2, 0.261897
3.5, 3.2, 0.262543
3.6, 3.2, 0.261906
3.7, 3.2, 0.259938
3.8, 3.2, 0.256640
3.9, 3.2, 0.252055
4.0, 3.2, 0.246269
4.1, 3.2, 0.239406
4.2, 3.2, 0.231622
4.3, 3.2, 0.223095
4.4, 3.2, 0.214019
4.5, 3.2, 0.204594
4.6, 3.2, 0.195018
4.7, 3.2, 0.185476
4.8, 3.2, 0.176140
4.9, 3.2, 0.167158
5.0, 3.2, 0.158652
0.0, 3.3, 0.121365
0.1, 3.3, 0.124522
0.2, 3.3, 0.127884
0.3, 3.3, 0.131417
0.4, 3.3, 0.135082
0.5, 3.3, 0.138834
0.6, 3.3, 0.142627
0.7, 3.3, 0.146414
0.8, 3.3, 0.150151
0.9, 3.3, 0.153804
1.0, 3.3, 0.157345
1.1, 3.3, 0.160762
1.2, 3.3, 0.164055
1.3, 3.3, 0.167244
1.4, 3.3, 0.170362
1.5, 3.3, 0.173459
1.6, 3.3, 0.176598
1.7, 3.3, 0.179850
1.8, 3.3, 0.183293
1.9, 3.3, 0.187000
2.0, 3.3, 0.191040
2.1, 3.3, 0.195463
2.2, 3.3, 0.200303
2.3, 3.3, 0.205563
2.4, 3.3, 0.211218
2.5, 3.3, 0.217210
2.6, 3.3, 0.223445
2.7, 3.3, 0.229799
2.8, 3.3, 0.236116
2.9, 3.3, 0.242222
3.0, 3.3, 0.247922
3.1, 3.3, 0.253021
3.2, 3.3, 0.257324
3.3, 3.3, 0.260650
3.4, 3.3, 0.262842
3.5, 3.3, 0.263776
3.6, 3.3, 0.263366
3.7, 3.3, 0.261568
3.8, 3.3, 0.258385
3.9, 3.3, 0.253866
4.0, 3.3, 0.248102
4.1, 3.3, 0.241223
4.2, 3.3, 0.233391
4.3, 3.3, 0.224790
4.4, 3.3, 0.215619
4.5, 3.3, 0.206084
4.6, 3.3, 0.196387
4.7, 3.3, 0.186720
4.8, 3.3, 0.177256
4.9, 3.3, 0.168148
5.0, 3.3, 0.159521
0.0, 3.4, 0.117976
0.1, 3.4, 0.120643
0.2, 3.4, 0.123488
0.3, 3.4, 0.126486
0.4, 3.4, 0.129607
0.5, 3.4, 0.132814
0.6, 3.4, 0.136075
0.7, 3.4, 0.139353
0.8, 3.4, 0.142620
0.9, 3.4, 0.145851
1.0, 3.4, 0.149031
1.1, 3.4, 0.152159
1.2, 3.4, 0.155243
1.3, 3.4, 0.158310
1.4, 3.4, 0.161397
1.5, 3.4, 0.164556
1.6, 3.4, 0.167849
1.7, 3.4, 0.171343
1.8, 3.4, 0.175109
1.9, 3.4, 0.179214
2.0, 3.4, 0.183713
2.1, 3.4, 0.188649
2.2, 3.4, 0.194039
2.3, 3.4, 0.199877
2.4, 3.4, 0.206124
2.5, 3.4, 0.212710
2.6, 3.4, 0.219529
2.7, 3.4, 0.226447
2.8, 3.4, 0.233302
2.9, 3.4, 0.239909
3.0, 3.4, 0.246073
3.1, 3.4, 0.251592
3.2, 3.4, 0.256268
3.3, 3.4, 0.259922
3.4, 3.4, 0.262397
3.5, 3.4, 0.263570
3.6, 3.4, 0.263356
3.7, 3.4, 0.261716
3.8, 3.4, 0.258656
3.9, 3.4, 0.254228
4.0, 3.4, 0.248527
4.1, 3.4, 0.241688
4.2, 3.4, 0.233875
4.3, 3.4, 0.225276
4.4, 3.4, 0.216095
4.5, 3.4, 0.206540
4.6, 3.4, 0.196815
4.7, 3.4, 0.187114
4.8, 3.4, 0.177615
4.9, 3.4, 0.168470
5.0, 3.4, 0.159805
0.0, 3.5, 0.114980
0.1, 3.5, 0.117213
0.2, 3.5, 0.119602
0.3, 3.5, 0.122126
0.4, 3.5, 0.124762
0.5, 3.5, 0.127486
0.6, 3.5, 0.130272
0.7, 3.5, 0.133096
0.8, 3.5, 0.135939
0.9, 3.5, 0.138788
1.0, 3.5, 0.141638
1.1, 3.5, 0.144496
1.2, 3.5, 0.147377
1.3, 3.5, 0.150314
1.4, 3.5, 0.153347
1.5, 3.5, 0.156529
1.6, 3.5, 0.159920
1.7, 3.5, 0.163584
1.8, 3.5, 0.167586
1.9, 3.5, 0.171985
2.0, 3.5, 0.176828
2.1, 3.5, 0.182146
2.2, 3.5, 0.187947
2.3, 3.5, 0.194214
2.4, 3.5, 0.200898
2.5, 3.5, 0.207919
2.6, 3.5, 0.215163
2.7, 3.5, 0.222490
2.8, 3.5, 0.229731
2.9, 3.5, 0.236698
3.0, 3.5, 0.243192
3.1, 3.5, 0.249010
3.2, 3.5, 0.253956
3.3, 3.5, 0.257851
3.4, 3.5, 0.260539
3.5, 3.5, 0.261900
3.6, 3.5, 0.261853
3.7, 3.5, 0.260359
3.8, 3.5, 0.257430
3.9, 3.5, 0.253118
4.0, 3.5, 0.247523
4.1, 3.5, 0.240779
4.2, 3.5, 0.233053
4.3, 3.5, 0.224536
4.4, 3.5, 0.215430
4.5, 3.5, 0.205945
4.6, 3.5, 0.196286
4.7, 3.5, 0.186647
4.8, 3.5, 0.177204
4.9, 3.5, 0.168111
5.0, 3.5, 0.159495
0.0, 3.6, 0.112365
0.1, 3.6, 0.114220
0.2, 3.6, 0.116208
0.3, 3.6, 0.118317
0.4, 3.6, 0.120529
0.5, 3.6, 0.122827
0.6, 3.6, 0.125194
0.7, 3.6, 0.127616
0.8, 3.6, 0.130082
0.9, 3.6, 0.132588
1.0, 3.6, 0.135136
1.1, 3.6, 0.137742
1.2, 3.6, 0.140426
1.3, 3.6, 0.143225
1.4, 3.6, 0.146181
1.5, 3.6, 0.149347
1.6, 3.6, 0.152782
1.7, 3.6, 0.156546
1.8, 3.6, 0.160698
1.9, 3.6, 0.165290
2.0, 3.6, 0.170361
2.1, 3.6, 0.175935
2.2, 3.6, 0.182011
2.3, 3.6, 0.188562
2.4, 3.6, 0.195531
2.5, 3.6, 0.202833
2.6, 3.6, 0.210347
2.7, 3.6, 0.217929
2.8, 3.6, 0.225408
2.9, 3.6, 0.232594
3.0, 3.6, 0.239288
3.1, 3.6, 0.245289
3.2, 3.6, 0.250403
3.3, 3.6, 0.254453
3.4, 3.6, 0.257287
3.5, 3.6, 0.258787
3.6, 3.6, 0.258876
3.7, 3.6, 0.257519
3.8, 3.6, 0.254728
3.9, 3.6, 0.250558
4.0, 3.6, 0.245109
4.1, 3.6, 0.238517
4.2, 3.6, 0.230946
4.3, 3.6, 0.222587
4.4, 3.6, 0.213641
4.5, 3.6, 0.204315
4.6, 3.6, 0.194814
4.7, 3.6, 0.185329
4.8, 3.6, 0.176035
4.9, 3.6, 0.167083
5.0, 3.6, 0.158599
0.0, 3.7, 0.110112
0.1, 3.7, 0.111639
0.2, 3.7, 0.113281
0.3, 3.7, 0.115030
0.4, 3.7, 0.116873
0.5, 3.7, 0.118801
0.6, 3.7, 0.120803
0.7, 3.7, 0.122871
0.8, 3.7, 0.125003
0.9, 3.7, 0.127202
1.0, 3.7, 0.129477
1.1, 3.7, 0.131847
1.2, 3.7, 0.134340
1.3, 3.7, 0.136993
1.4, 3.7, 0.139850
1.5, 3.7, 0.142964
1.6, 3.7, 0.146391
1.7, 3.7, 0.150187
1.8, 3.7, 0.154407
1.9, 3.7, 0.159097
2.0, 3.7, 0.164288
2.1, 3.7, 0.169998
2.2, 3.7, 0.176217
2.3, 3.7, 0.182913
2.4, 3.7, 0.190024
2.5, 3.7, 0.197459
2.6, 3.7, 0.205096
2.7, 3.7, 0.212788
2.8, 3.7, 0.220363
2.9, 3.7, 0.227635
3.0, 3.7, 0.234406
3.1, 3.7, 0.240478
3.2, 3.7, 0.245663
3.3, 3.7, 0.249786
3.4, 3.7, 0.252701
3.5, 3.7, 0.254295
3.6, 3.7, 0.254492
3.7, 3.7, 0.253262
3.8, 3.7, 0.250616
3.9, 3.7, 0.246613
4.0, 3.7, 0.241350
4.1, 3.7, 0.234961
4.2, 3.7, 0.227610
4.3, 3.7, 0.219483
4.4, 3.7, 0.210777
4.5, 3.7, 0.201697
4.6, 3.7, 0.192442
4.7, 3.7, 0.183200
4.8, 3.7, 0.174141
4.9, 3.7, 0.165415
5.0, 3.7, 0.157145
0.0, 3.8, 0.108193
0.1, 3.8, 0.109440
0.2, 3.8, 0.110787
0.3, 3.8, 0.112227
0.4, 3.8, 0.113754
0.5, 3.8, 0.115362
0.6, 3.8, 0.117047
0.7, 3.8, 0.118808
0.8, 3.8, 0.120647
0.9, 3.8, 0.122572
1.0, 3.8, 0.124599
1.1, 3.8, 0.126750
1.2, 3.8, 0.129055
1.3, 3.8, 0.131555
1.4, 3.8, 0.134293
1.5, 3.8, 0.137320
1.6, 3.8, 0.140691
1.7, 3.8, 0.144459
1.8, 3.8, 0.148671
1.9, 3.8, 0.153370
2.0, 3.8, 0.158580
2.1, 3.8, 0.164313
2.2, 3.8, 0.170555
2.3, 3.8, 0.177269
2.4, 3.8, 0.184389
2.5, 3.8, 0.191821
2.6, 3.8, 0.199444
2.7, 3.8, 0.207110
2.8, 3.8, 0.214652
2.9, 3.8, 0.221886
3.0, 3.8, 0.228619
3.1, 3.8, 0.234660
3.2, 3.8, 0.239824
3.3, 3.8, 0.243945
3.4, 3.8, 0.246882
3.5, 3.8, 0.248526
3.6, 3.8, 0.248806
3.7, 3.8, 0.247693
3.8, 3.8, 0.245201
3.9, 3.8, 0.241386
4.0, 3.8, 0.236346
4.1, 3.8, 0.230210
4.2, 3.8, 0.223138
4.3, 3.8, 0.215311
4.4, 3.8, 0.206921
4.5, 3.8, 0.198165
4.6, 3.8, 0.189237
4.7, 3.8, 0.180320
4.8, 3.8, 0.171578
4.9, 3.8, 0.163156
5.0, 3.8, 0.155173
0.0, 3.9, 0.106577
0.1, 3.9, 0.107589
0.2, 3.9, 0.108685
0.3, 3.9, 0.109863
0.4, 3.9, 0.111121
0.5, 3.9, 0.112456
0.6, 3.9, 0.113869
0.7, 3.9, 0.115364
0.8, 3.9, 0.116946
0.9, 3.9, 0.118628
1.0, 3.9, 0.120430
1.1, 3.9, 0.122376
1.2, 3.9, 0.124500
1.3, 3.9, 0.126840
1.4, 3.9, 0.129441
1.5, 3.9, 0.132352
1.6, 3.9, 0.135624
1.7, 3.9, 0.139306
1.8, 3.9, 0.143444
1.9, 3.9, 0.148071
2.0, 3.9, 0.153210
2.1, 3.9, 0.158866
2.2, 3.9, 0.165023
2.3, 3.9, 0.171639
2.4, 3.9, 0.178648
2.5, 3.9, 0.185955
2.6, 3.9, 0.193441
2.7, 3.9, 0.200961
2.8, 3.9, 0.208352
2.9, 3.9, 0.215437
3.0, 3.9, 0.222030
3.1, 3.9, 0.227946
3.2, 3.9, 0.233010
3.3, 3.9, 0.237061
3.4, 3.9, 0.239967
3.5, 3.9, 0.241622
3.6, 3.9, 0.241961
3.7, 3.9, 0.240957
3.8, 3.9, 0.238624
3.9, 3.9, 0.235018
4.0, 3.9, 0.230232
4.1, 3.9, 0.224393
4.2, 3.9, 0.217653
4.3, 3.9, 0.210187
4.4, 3.9, 0.202179
4.5, 3.9, 0.193818
4.6, 3.9, 0.185291
4.7, 3.9, 0.176771
4.8, 3.9, 0.168419
4.9, 3.9, 0.160370
5.0, 3.9, 0.152740
0.0, 4.0, 0.105234
0.1, 4.0, 0.106047
0.2, 4.0, 0.106934
0.3, 4.0, 0.107892
0.4, 4.0, 0.108923
0.5, 4.0, 0.110027
0.6, 4.0, 0.111208
0.7, 4.0, 0.112473
0.8, 4.0, 0.113831
0.9, 4.0, 0.115299
1.0, 4.0, 0.116897
1.1, 4.0, 0.118652
1.2, 4.0, 0.120598
1.3, 4.0, 0.122774
1.4, 4.0, 0.125222
1.5, 4.0, 0.127991
1.6, 4.0, 0.131127
1.7, 4.0, 0.134676
1.8, 4.0, 0.138679
1.9, 4.0, 0.143166
2.0, 4.0, 0.148155
2.1, 4.0, 0.153648
2.2, 4.0, 0.159624
2.3, 4.0, 0.166043
2.4, 4.0, 0.172836
2.5, 4.0, 0.179912
2.6, 4.0, 0.187154
2.7, 4.0, 0.194423
2.8, 4.0, 0.201562
2.9, 4.0, 0.208401
3.0, 4.0, 0.214765
3.1, 4.0, 0.220476
3.2, 4.0, 0.225369
3.3, 4.0, 0.229292
3.4, 4.0, 0.232119
3.5, 4.0, 0.233752
3.6, 4.0, 0.234129
3.7, 4.0, 0.233226
3.8, 4.0, 0.231057
3.9, 4.0, 0.227677
4.0, 4.0, 0.223173
4.1, 4.0, 0.217667
4.2, 4.0, 0.211305
4.3, 4.0, 0.204251
4.4, 4.0, 0.196681
4.5, 4.0, 0.188776
4.6, 4.0, 0.180711
4.7, 4.0, 0.172652
4.8, 4.0, 0.164749
4.9, 4.0, 0.157134
5.0, 4.0, 0.149913
0.0, 4.1, 0.104128
0.1, 4.1, 0.104778
0.2, 4.1, 0.105490
0.3, 4.1, 0.106266
0.4, 4.1, 0.107106
0.5, 4.1, 0.108016
0.6, 4.1, 0.109001
0.7, 4.1, 0.110069
0.8, 4.1, 0.111233
0.9, 4.1, 0.112511
1.0, 4.1, 0.113924
1.1, 4.1, 0.115501
1.2, 4.1, 0.117274
1.3, 4.1, 0.119282
1.4, 4.1, 0.121566
1.5, 4.1, 0.124171
1.6, 4.1, 0.127140
1.7, 4.1, 0.130516
1.8, 4.1, 0.134335
1.9, 4.1, 0.138624
2.0, 4.1, 0.143397
2.1, 4.1, 0.148652
2.2, 4.1, 0.154370
2.3, 4.1, 0.160507
2.4, 4.1, 0.166997
2.5, 4.1, 0.173753
2.6, 4.1, 0.180662
2.7, 4.1, 0.187592
2.8, 4.1, 0.194394
2.9, 4.1, 0.200908
3.0, 4.1, 0.206967
3.1, 4.1, 0.212407
3.2, 4.1, 0.217070
3.3, 4.1, 0.220815
3.4, 4.1, 0.223524
3.5, 4.1, 0.225106
3.6, 4.1, 0.225504
3.7, 4.1, 0.224695
3.8, 4.1, 0.222693
3.9, 4.1, 0.219551
4.0, 4.1, 0.215351
4.1, 4.1, 0.210208
4.2, 4.1, 0.204259
4.3, 4.1, 0.197659
4.4, 4.1, 0.190574
4.5, 4.1, 0.183172
4.6, 4.1, 0.175619
4.7, 4.1, 0.168070
4.8, 4.1, 0.160668
4.9, 4.1, 0.153533
5.0, 4.1, 0.146769
0.0, 4.2, 0.103228
0.1, 4.2, 0.103744
0.2, 4.2, 0.104313
0.3, 4.2, 0.104938
0.4, 4.2, 0.105621
0.5, 4.2, 0.106368
0.6, 4.2, 0.107186
0.7, 4.2, 0.108086
0.8, 4.2, 0.109082
0.9, 4.2, 0.110192
1.0, 4.2, 0.111438
1.1, 4.2, 0.112848
1.2, 4.2, 0.114455
1.3, 4.2, 0.116294
1.4, 4.2, 0.118405
1.5, 4.2, 0.120829
1.6, 4.2, 0.123608
1.7, 4.2, 0.126779
1.8, 4.2, 0.130374
1.9, 4.2, 0.134418
2.0, 4.2, 0.138922
2.1, 4.2, 0.143882
2.2, 4.2, 0.149277
2.3, 4.2, 0.155065
2.4, 4.2, 0.161184
2.5, 4.2, 0.167549
2.6, 4.2, 0.174053
2.7, 4.2, 0.180574
2.8, 4.2, 0.186972
2.9, 4.2, 0.193096
3.0, 4.2, 0.198792
3.1, 4.2, 0.203907
3.2, 4.2, 0.208293
3.3, 4.2, 0.211822
3.4, 4.2, 0.214382
3.5, 4.2, 0.215890
3.6, 4.2, 0.216293
3.7, 4.2, 0.215571
3.8, 4.2, 0.213738
3.9, 4.2, 0.210842
4.0, 4.2, 0.206961
4.1, 4.2, 0.202203
4.2, 4.2, 0.196694
4.3, 4.2, 0.190579
4.4, 4.2, 0.184011
4.5, 4.2, 0.177149
4.6, 4.2, 0.170145
4.7, 4.2, 0.163145
4.8, 4.2, 0.156279
4.9, 4.2, 0.149662
5.0, 4.2, 0.143387
0.0, 4.3, 0.102503
0.1, 4.3, 0.102911
0.2, 4.3, 0.103363
0.3, 4.3, 0.103864
0.4, 4.3, 0.104417
0.5, 4.3, 0.105029
0.6, 4.3, 0.105708
0.7, 4.3, 0.106465
0.8, 4.3, 0.107315
0.9, 4.3, 0.108276
1.0, 4.3, 0.109371
1.1, 4.3, 0.110626
1.2, 4.3, 0.112071
1.3, 4.3, 0.113742
1.4, 4.3, 0.115675
1.5, 4.3, 0.117908
1.6, 4.3, 0.120479
1.7, 4.3, 0.123421
1.8, 4.3, 0.126764
1.9, 4.3, 0.130528
2.0, 4.3, 0.134723
2.1, 4.3, 0.139344
2.2, 4.3, 0.144369
2.3, 4.3, 0.149758
2.4, 4.3, 0.155452
2.5, 4.3, 0.161373
2.6, 4.3, 0.167420
2.7, 4.3, 0.173480
2.8, 4.3, 0.179423
2.9, 4.3, 0.185111
3.0, 4.3, 0.190400
3.1, 4.3, 0.195150
3.2, 4.3, 0.199225
3.3, 4.3, 0.202507
3.4, 4.3, 0.204895
3.5, 4.3, 0.206311
3.6, 4.3, 0.206707
3.7, 4.3, 0.206066
3.8, 4.3, 0.204401
3.9, 4.3, 0.201756
4.0, 4.3, 0.198204
4.1, 4.3, 0.193842
4.2, 4.3, 0.188790
4.3, 4.3, 0.183179
4.4, 4.3, 0.177152
4.5, 4.3, 0.170852
4.6, 4.3, 0.164422
4.7, 4.3, 0.157994
4.8, 4.3, 0.151689
4.9, 4.3, 0.145612
5.0, 4.3, 0.139850
0.0, 4.4, 0.101926
0.1, 4.4, 0.102246
0.2, 4.4, 0.102604
0.3, 4.4, 0.103003
0.4, 4.4, 0.103450
0.5, 4.4, 0.103950
0.6, 4.4, 0.104512
0.7, 4.4, 0.105148
0.8, 4.4, 0.105872
0.9, 4.4, 0.106702
1.0, 4.4, 0.107659
1.1, 4.4, 0.108770
1.2, 4.4, 0.110062
1.3, 4.4, 0.111567
1.4, 4.4, 0.113321
1.5, 4.4, 0.115356
1.6, 4.4, 0.117707
1.7, 4.4, 0.120405
1.8, 4.4, 0.123476
1.9, 4.4, 0.126937
2.0, 4.4, 0.130796
2.1, 4.4, 0.135047
2.2, 4.4, 0.139669
2.3, 4.4, 0.144625
2.4, 4.4, 0.149860
2.5, 4.4, 0.155300
2.6, 4.4, 0.160855
2.7, 4.4, 0.166420
2.8, 4.4, 0.171875
2.9, 4.4, 0.177094
3.0, 4.4, 0.181948
3.1, 4.4, 0.186306
3.2, 4.4, 0.190048
3.3, 4.4, 0.193064
3.4, 4.4, 0.195262
3.5, 4.4, 0.196573
3.6, 4.4, 0.196954
3.7, 4.4, 0.196387
3.8, 4.4, 0.194887
3.9, 4.4, 0.192493
4.0, 4.4, 0.189272
4.1, 4.4, 0.185313
4.2, 4.4, 0.180725
4.3, 4.4, 0.175627
4.4, 4.4, 0.170149
4.5, 4.4, 0.164424
4.6, 4.4, 0.158578
4.7, 4.4, 0.152734
4.8, 4.4, 0.147002
4.9, 4.4, 0.141477
5.0, 4.4, 0.136237
0.0, 4.5, 0.101470
0.1, 4.5, 0.101720
0.2, 4.5, 0.102002
0.3, 4.5, 0.102320
0.4, 4.5, 0.102680
0.5, 4.5, 0.103088
0.6, 4.5, 0.103552
0.7, 4.5, 0.104085
0.8, 4.5, 0.104700
0.9, 4.5, 0.105414
1.0, 4.5, 0.106247
1.1, 4.5, 0.107224
1.2, 4.5, 0.108370
1.3, 4.5, 0.109715
1.4, 4.5, 0.111290
1.5, 4.5, 0.113126
1.6, 4.5, 0.115254
1.7, 4.5, 0.117700
1.8, 4.5, 0.120488
1.9, 4.5, 0.123632
2.0, 4.5, 0.127140
2.1, 4.5, 0.131004
2.2, 4.5, 0.135205
2.3, 4.5, 0.139709
2.4, 4.5, 0.144464
2.5, 4.5, 0.149405
2.6, 4.5, 0.154448
2.7, 4.5, 0.159497
2.8, 4.5, 0.164447
2.9, 4.5, 0.169182
3.0, 4.5, 0.173584
3.1, 4.5, 0.177538
3.2, 4.5, 0.180933
3.3, 4.5, 0.183672
3.4, 4.5, 0.185672
3.5, 4.5, 0.186870
3.6, 4.5, 0.187227
3.7, 4.5, 0.186730
3.8, 4.5, 0.185389
3.9, 4.5, 0.183243
4.0, 4.5, 0.180350
4.1, 4.5, 0.176791
4.2, 4.5, 0.172664
4.3, 4.5, 0.168078
4.4, 4.5, 0.163150
4.5, 4.5, 0.157996
4.6, 4.5, 0.152735
4.7, 4.5, 0.147475
4.8, 4.5, 0.142315
4.9, 4.5, 0.137341
5.0, 4.5, 0.132624
0.0, 4.6, 0.101114
0.1, 4.6, 0.101309
0.2, 4.6, 0.101530
0.3, 4.6, 0.101783
0.4, 4.6, 0.102072
0.5, 4.6, 0.102403
0.6, 4.6, 0.102786
0.7, 4.6, 0.103232
0.8, 4.6, 0.103752
0.9, 4.6, 0.104364
1.0, 4.6, 0.105086
1.1, 4.6, 0.105939
1.2, 4.6, 0.106948
1.3, 4.6, 0.108140
1.4, 4.6, 0.109541
1.5, 4.6, 0.111180
1.6, 4.6, 0.113084
1.7, 4.6, 0.115277
1.8, 4.6, 0.117779
1.9, 4.6, 0.120603
2.0, 4.6, 0.123754
2.1, 4.6, 0.127226
2.2, 4.6, 0.131001
2.3, 4.6, 0.135046
2.4, 4.6, 0.139317
2.5, 4.6, 0.143752
2.6, 4.6, 0.148278
2.7, 4.6, 0.152809
2.8, 4.6, 0.157249
2.9, 4.6, 0.161496
3.0, 4.6, 0.165445
3.1, 4.6, 0.168991
3.2, 4.6, 0.172038
3.3, 4.6, 0.174496
3.4, 4.6, 0.176294
3.5, 4.6, 0.177375
3.6, 4.6, 0.177705
3.7, 4.6, 0.177271
3.8, 4.6, 0.176084
3.9, 4.6, 0.174177
4.0, 4.6, 0.171603
4.1, 4.6, 0.168435
4.2, 4.6, 0.164760
4.3, 4.6, 0.160675
4.4, 4.6, 0.156284
4.5, 4.6, 0.151692
4.6, 4.6, 0.147003
4.7, 4.6, 0.142315
4.8, 4.6, 0.137716
4.9, 4.6, 0.133283
5.0, 4.6, 0.129079
0.0, 4.7, 0.100839
0.1, 4.7, 0.100989
0.2, 4.7, 0.101163
0.3, 4.7, 0.101363
0.4, 4.7, 0.101594
0.5, 4.7, 0.101864
0.6, 4.7, 0.102179
0.7, 4.7, 0.102550
0.8, 4.7, 0.102989
0.9, 4.7, 0.103511
1.0, 4.7, 0.104132
1.1, 4.7, 0.104873
1.2, 4.7, 0.105754
1.3, 4.7, 0.106800
1.4, 4.7, 0.108034
1.5, 4.7, 0.109483
1.6, 4.7, 0.111169
1.7, 4.7, 0.113113
1.8, 4.7, 0.115334
1.9, 4.7, 0.117842
2.0, 4.7, 0.120641
2.1, 4.7, 0.123725
2.2, 4.7, 0.127078
2.3, 4.7, 0.130671
2.4, 4.7, 0.134463
2.5, 4.7, 0.138401
2.6, 4.7, 0.142418
2.7, 4.7, 0.146438
2.8, 4.7, 0.150378
2.9, 4.7, 0.154145
3.0, 4.7, 0.157648
3.1, 4.7, 0.160794
3.2, 4.7, 0.163497
3.3, 4.7, 0.165679
3.4, 4.7, 0.167277
3.5, 4.7, 0.168241
3.6, 4.7, 0.168540
3.7, 4.7, 0.168164
3.8, 4.7, 0.167122
3.9, 4.7, 0.165444
4.0, 4.7, 0.163176
4.1, 4.7, 0.160384
4.2, 4.7, 0.157143
4.3, 4.7, 0.153540
4.4, 4.7, 0.149666
4.5, 4.7, 0.145615
4.6, 4.7, 0.141478
4.7, 4.7, 0.137341
4.8, 4.7, 0.133283
4.9, 4.7, 0.129371
5.0, 4.7, 0.125662
0.0, 4.8, 0.100627
0.1, 4.8, 0.100744
0.2, 4.8, 0.100879
0.3, 4.8, 0.101037
0.4, 4.8, 0.101222
0.5, 4.8, 0.101441
0.6, 4.8, 0.101700
0.7, 4.8, 0.102008
0.8, 4.8, 0.102377
0.9, 4.8, 0.102819
1.0, 4.8, 0.103351
1.1, 4.8, 0.103988
1.2, 4.8, 0.104751
1.3, 4.8, 0.105661
1.4, 4.8, 0.106738
1.5, 4.8, 0.108005
1.6, 4.8, 0.109482
1.7, 4.8, 0.111188
1.8, 4.8, 0.113138
1.9, 4.8, 0.115341
2.0, 4.8, 0.117800
2.1, 4.8, 0.120509
2.2, 4.8, 0.123454
2.3, 4.8, 0.126610
2.4, 4.8, 0.129940
2.5, 4.8, 0.133398
2.6, 4.8, 0.136924
2.7, 4.8, 0.140453
2.8, 4.8, 0.143910
2.9, 4.8, 0.147216
3.0, 4.8, 0.150290
3.1, 4.8, 0.153050
3.2, 4.8, 0.155422
3.3, 4.8, 0.157339
3.4, 4.8, 0.158743
3.5, 4.8, 0.159592
3.6, 4.8, 0.159859
3.7, 4.8, 0.159536
3.8, 4.8, 0.158630
3.9, 4.8, 0.157167
4.0, 4.8, 0.155189
4.1, 4.8, 0.152751
4.2, 4.8, 0.149921
4.3, 4.8, 0.146774
4.4, 4.8, 0.143391
4.5, 4.8, 0.139852
4.6, 4.8, 0.136238
4.7, 4.8, 0.132625
4.8, 4.8, 0.129079
4.9, 4.8, 0.125662
5.0, 4.8, 0.122421
0.0, 4.9, 0.100466
0.1, 4.9, 0.100556
0.2, 4.9, 0.100661
0.3, 4.9, 0.100786
0.4, 4.9, 0.100934
0.5, 4.9, 0.101111
0.6, 4.9, 0.101323
0.7, 4.9, 0.101578
0.8, 4.9, 0.101886
0.9, 4.9, 0.102259
1.0, 4.9, 0.102711
1.1, 4.9, 0.103256
1.2, 4.9, 0.103911
1.3, 4.9, 0.104695
1.4, 4.9, 0.105625
1.5, 4.9, 0.106722
1.6, 4.9, 0.108003
1.7, 4.9, 0.109484
1.8, 4.9, 0.111177
1.9, 4.9, 0.113091
2.0, 4.9, 0.115227
2.1, 4.9, 0.117582
2.2, 4.9, 0.120141
2.3, 4.9, 0.122883
2.4, 4.9, 0.125776
2.5, 4.9, 0.128779
2.6, 4.9, 0.131841
2.7, 4.9, 0.134906
2.8, 4.9, 0.137907
2.9, 4.9, 0.140777
3.0, 4.9, 0.143445
3.1, 4.9, 0.145842
3.2, 4.9, 0.147901
3.3, 4.9, 0.149566
3.4, 4.9, 0.150786
3.5, 4.9, 0.151526
3.6, 4.9, 0.151762
3.7, 4.9, 0.151486
3.8, 4.9, 0.150705
3.9, 4.9, 0.149442
4.0, 4.9, 0.147733
4.1, 4.9, 0.145626
4.2, 4.9, 0.143179
4.3, 4.9, 0.140458
4.4, 4.9, 0.137532
4.5, 4.9, 0.134471
4.6, 4.9, 0.131346
4.7, 4.9, 0.128220
4.8, 4.9, 0.125154
4.9, 4.9, 0.122198
5.0, 4.9, 0.119394
0.0, 5.0, 0.100345
0.1, 5.0, 0.100414
0.2, 5.0, 0.100496
0.3, 5.0, 0.100594
0.4, 5.0, 0.100712
0.5, 5.0, 0.100854
0.6, 5.0, 0.101027
0.7, 5.0, 0.101237
0.8, 5.0, 0.101494
0.9, 5.0, 0.101807
1.0, 5.0, 0.102187
1.1, 5.0, 0.102649
1.2, 5.0, 0.103207
1.3, 5.0, 0.103876
1.4, 5.0, 0.104672
1.5, 5.0, 0.105612
1.6, 5.0, 0.106711
1.7, 5.0, 0.107983
1.8, 5.0, 0.109438
1.9, 5.0, 0.111083
2.0, 5.0, 0.112919
2.1, 5.0, 0.114943
2.2, 5.0, 0.117143
2.3, 5.0, 0.119500
2.4, 5.0, 0.121987
2.5, 5.0, 0.124567
2.6, 5.0, 0.127199
2.7, 5.0, 0.129831
2.8, 5.0, 0.132410
2.9, 5.0, 0.134875
3.0, 5.0, 0.137167
3.1, 5.0, 0.139225
3.2, 5.0, 0.140995
3.3, 5.0, 0.142425
3.4, 5.0, 0.143475
3.5, 5.0, 0.144112
3.6, 5.0, 0.144317
3.7, 5.0, 0.144083
3.8, 5.0, 0.143416
3.9, 5.0, 0.142336
4.0, 5.0, 0.140874
4.1, 5.0, 0.139071
4.2, 5.0, 0.136976
4.3, 5.0, 0.134646
4.4, 5.0, 0.132141
4.5, 5.0, 0.129520
4.6, 5.0, 0.126844
4.7, 5.0, 0.124168
4.8, 5.0, 0.121542
4.9, 5.0, 0.119010
5.0, 5.0, 0.116609
